,Date,daily number of doses received by Larimer County residents,total number of doses recevied by residents,daily number of residents receiving first dose,total number of residents receiving first dose,daily number of residents vaccinated,total number of residents vaccinated,daily number of 70+ vaccinated,total number of 70+ vaccinated,daily number of 70+ at least one dose,total number of 70+ at least one dose,daily number of Latinx residents vaccinated,total of Latinx residents vaccinated,daily number of White non-Latinx residents vaccinated,total of White non-Latinx residents vaccinated,daily number of non-White non-Latinx residents vaccinated,total of non-White non-Latinx residents vaccinated,dailyUnknown,totalUnknown,daily_additional_doses,total_additional_doses,daily_second_booster ,total_second_boosters
0,12/14/2020,31,31,31,31,0,0,0.0,0,1.0,1,0.0,0,0,0,0.0,0,,0,0,0,0,0
1,12/15/2020,15,46,15,46,0,0,,0,,1,,0,0,0,0.0,0,,0,0,0,0,0
2,12/16/2020,308,354,308,354,0,0,0.0,0,1.0,2,0.0,0,0,0,0.0,0,0.0,0,0,0,0,0
3,12/17/2020,988,1342,988,1342,0,0,0.0,0,11.0,13,0.0,0,0,0,0.0,0,0.0,0,0,0,0,0
4,12/18/2020,1060,2402,1060,2402,0,0,0.0,0,15.0,28,0.0,0,0,0,0.0,0,0.0,0,0,0,0,0
5,12/19/2020,721,3123,721,3123,0,0,0.0,0,13.0,41,0.0,0,0,0,0.0,0,0.0,0,0,0,0,0
6,12/20/2020,265,3388,265,3388,0,0,0.0,0,4.0,45,0.0,0,0,0,0.0,0,0.0,0,0,0,0,0
7,12/21/2020,358,3746,358,3746,0,0,0.0,0,3.0,48,0.0,0,0,0,0.0,0,0.0,0,0,0,0,0
8,12/22/2020,358,4104,358,4104,0,0,0.0,0,7.0,55,0.0,0,0,0,0.0,0,0.0,0,0,0,0,0
9,12/23/2020,447,4551,447,4551,0,0,0.0,0,6.0,61,0.0,0,0,0,0.0,0,0.0,0,0,0,0,0
10,12/24/2020,107,4658,107,4658,0,0,0.0,0,3.0,64,0.0,0,0,0,0.0,0,0.0,0,0,0,0,0
11,12/25/2020,1,4659,1,4659,0,0,,0,,64,,0,0,0,,0,,0,0,0,0,0
12,12/26/2020,231,4890,231,4890,0,0,0.0,0,3.0,67,0.0,0,0,0,0.0,0,0.0,0,0,0,0,0
13,12/27/2020,278,5168,278,5168,0,0,0.0,0,196.0,263,0.0,0,0,0,0.0,0,,0,0,0,0,0
14,12/28/2020,720,5888,720,5888,0,0,0.0,0,387.0,650,0.0,0,0,0,0.0,0,0.0,0,0,0,0,0
15,12/29/2020,909,6797,908,6796,1,1,0.0,0,458.0,1108,0.0,0,1,1,0.0,0,0.0,0,0,0,0,0
16,12/30/2020,886,7683,885,7681,1,2,0.0,0,269.0,1377,0.0,0,1,2,0.0,0,0.0,0,0,0,0,0
17,12/31/2020,905,8588,903,8584,3,5,1.0,1,343.0,1720,0.0,0,3,5,0.0,0,0.0,0,0,0,0,0
18,1/1/2021,6,8594,5,8589,2,7,,1,,1720,,0,2,7,,0,,0,0,0,0,0
19,1/2/2021,388,8982,388,8977,0,7,0.0,1,139.0,1859,0.0,0,0,7,0.0,0,0.0,0,0,0,0,0
20,1/3/2021,132,9114,131,9108,2,9,0.0,1,58.0,1917,0.0,0,2,9,0.0,0,0.0,0,0,0,0,0
21,1/4/2021,595,9709,580,9688,15,24,0.0,1,317.0,2234,0.0,0,12,21,2.0,2,1.0,1,0,0,0,0
22,1/5/2021,646,10355,634,10322,12,36,0.0,1,405.0,2639,0.0,0,12,33,0.0,2,0.0,1,0,0,0,0
23,1/6/2021,1255,11610,937,11259,317,353,3.0,4,532.0,3171,18.0,18,278,311,17.0,19,4.0,5,1,1,0,0
24,1/7/2021,1670,13280,711,11970,958,1311,12.0,16,410.0,3581,34.0,52,866,1177,43.0,62,15.0,20,1,2,0,0
25,1/8/2021,2006,15286,995,12965,1010,2321,12.0,28,490.0,4071,48.0,100,898,2075,44.0,106,20.0,40,1,3,0,0
26,1/9/2021,1240,16526,544,13509,696,3017,19.0,47,311.0,4382,18.0,118,630,2705,35.0,141,13.0,53,0,3,0,0
27,1/10/2021,708,17234,432,13941,276,3293,4.0,51,265.0,4647,10.0,128,250,2955,13.0,154,3.0,56,0,3,0,0
28,1/11/2021,1146,18380,797,14738,349,3642,1.0,52,536.0,5183,10.0,138,316,3271,19.0,173,4.0,60,0,3,0,0
29,1/12/2021,1177,19557,878,15616,299,3941,8.0,60,513.0,5696,15.0,153,258,3529,18.0,191,8.0,68,0,3,0,0
30,1/13/2021,1079,20636,834,16450,245,4186,1.0,61,374.0,6070,23.0,176,199,3728,15.0,206,8.0,76,0,3,0,0
31,1/14/2021,871,21507,835,17285,36,4222,1.0,62,495.0,6565,2.0,178,32,3760,1.0,207,1.0,77,0,3,0,0
32,1/15/2021,1224,22731,1207,18492,16,4238,0.0,62,757.0,7322,0.0,178,16,3776,0.0,207,0.0,77,1,4,0,0
33,1/16/2021,982,23713,968,19460,14,4252,1.0,63,581.0,7903,0.0,178,13,3789,1.0,208,0.0,77,0,4,0,0
34,1/17/2021,62,23775,57,19517,5,4257,0.0,63,21.0,7924,0.0,178,3,3792,2.0,210,0.0,77,0,4,0,0
35,1/18/2021,1024,24799,816,20333,205,4462,49.0,112,597.0,8521,8.0,186,178,3970,13.0,223,6.0,83,3,7,0,0
36,1/19/2021,1261,26060,1115,21448,143,4605,9.0,121,729.0,9250,7.0,193,123,4093,6.0,229,7.0,90,2,9,1,1
37,1/20/2021,1430,27490,1209,22657,219,4824,18.0,139,571.0,9821,14.0,207,180,4273,9.0,238,16.0,106,1,10,1,2
38,1/21/2021,2266,29756,2049,24706,216,5040,10.0,149,1587.0,11408,14.0,221,180,4453,15.0,253,7.0,113,3,13,0,2
39,1/22/2021,1745,31501,1461,26167,284,5324,98.0,247,1092.0,12500,34.0,255,230,4683,13.0,266,7.0,120,0,13,0,2
40,1/23/2021,907,32408,572,26739,335,5659,57.0,304,424.0,12924,9.0,264,306,4989,13.0,279,7.0,127,0,13,0,2
41,1/24/2021,390,32798,103,26842,287,5946,208.0,512,60.0,12984,8.0,272,270,5259,9.0,288,,127,0,13,0,2
42,1/25/2021,1411,34209,787,27629,620,6566,371.0,883,551.0,13535,14.0,286,581,5840,16.0,304,9.0,136,4,17,0,2
43,1/26/2021,1625,35834,697,28326,925,7491,461.0,1344,440.0,13975,30.0,316,847,6687,37.0,341,11.0,147,2,19,1,3
44,1/27/2021,1850,37684,776,29102,1073,8564,536.0,1880,338.0,14313,41.0,357,976,7663,47.0,388,9.0,156,1,20,0,3
45,1/28/2021,1353,39037,550,29652,802,9366,352.0,2232,300.0,14613,25.0,382,737,8400,27.0,415,13.0,169,1,21,0,3
46,1/29/2021,1657,40694,1168,30820,486,9852,169.0,2401,830.0,15443,22.0,404,421,8821,34.0,449,9.0,178,3,24,0,3
47,1/30/2021,1222,41916,731,31551,489,10341,210.0,2611,596.0,16039,24.0,428,440,9261,19.0,468,6.0,184,2,26,0,3
48,1/31/2021,659,42575,428,31979,227,10568,77.0,2688,367.0,16406,5.0,433,201,9462,15.0,483,6.0,190,3,29,1,4
49,2/1/2021,1674,44249,956,32935,714,11282,468.0,3156,666.0,17072,19.0,452,657,10119,27.0,510,11.0,201,6,35,0,4
50,2/2/2021,1864,46113,732,33667,1132,12414,735.0,3891,579.0,17651,44.0,496,1044,11163,34.0,544,10.0,211,0,35,0,4
51,2/3/2021,1279,47392,594,34261,686,13100,324.0,4215,231.0,17882,47.0,543,584,11747,45.0,589,10.0,221,0,35,0,4
52,2/4/2021,2539,49931,1790,36051,748,13848,499.0,4714,1543.0,19425,31.0,574,670,12417,38.0,627,9.0,230,1,36,0,4
53,2/5/2021,2575,52506,1526,37577,1041,14889,683.0,5397,1302.0,20727,37.0,611,954,13371,31.0,658,19.0,249,9,45,0,4
54,2/6/2021,2228,54734,1604,39181,624,15513,451.0,5848,1239.0,21966,11.0,622,583,13954,22.0,680,8.0,257,0,45,0,4
55,2/7/2021,240,54974,91,39272,146,15659,99.0,5947,29.0,21995,7.0,629,131,14085,4.0,684,4.0,261,3,48,0,4
56,2/8/2021,2466,57440,1585,40857,882,16541,598.0,6545,1130.0,23125,26.0,655,812,14897,27.0,711,17.0,278,0,48,0,4
57,2/9/2021,2395,59835,1539,42396,856,17397,521.0,7066,991.0,24116,26.0,681,770,15667,38.0,749,22.0,300,2,50,0,4
58,2/10/2021,1595,61430,970,43366,616,18013,315.0,7381,288.0,24404,25.0,706,549,16216,27.0,776,15.0,315,9,59,0,4
59,2/11/2021,3529,64959,1999,45365,1529,19542,1053.0,8434,806.0,25210,56.0,762,1396,17612,53.0,829,24.0,339,3,62,0,4
60,2/12/2021,3282,68241,1821,47186,1457,20999,965.0,9399,800.0,26010,61.0,823,1339,18951,44.0,873,13.0,352,4,66,0,4
61,2/13/2021,2999,71240,2365,49551,632,21631,310.0,9709,674.0,26684,14.0,837,580,19531,26.0,899,12.0,364,2,68,0,4
62,2/14/2021,421,71661,346,49897,74,21705,51.0,9760,44.0,26728,2.0,839,67,19598,3.0,902,2.0,366,1,69,0,4
63,2/15/2021,2622,74283,2123,52020,498,22203,321.0,10081,257.0,26985,18.0,857,465,20063,12.0,914,3.0,369,1,70,0,4
64,2/16/2021,2754,77037,1914,53934,839,23042,496.0,10577,230.0,27215,35.0,892,765,20828,22.0,936,17.0,386,1,71,0,4
65,2/17/2021,1633,78670,650,54584,978,24020,480.0,11057,152.0,27367,31.0,923,891,21719,37.0,973,19.0,405,5,76,0,4
66,2/18/2021,2647,81317,1678,56262,965,24985,735.0,11792,277.0,27644,37.0,960,891,22610,31.0,1004,6.0,411,4,80,0,4
67,2/19/2021,2434,83751,1034,57296,1396,26381,1030.0,12822,160.0,27804,43.0,1003,1293,23903,46.0,1050,14.0,425,4,84,0,4
68,2/20/2021,1652,85403,680,57976,970,27351,790.0,13612,130.0,27934,22.0,1025,910,24813,28.0,1078,10.0,435,2,86,0,4
69,2/21/2021,118,85521,44,58020,72,27423,40.0,13652,8.0,27942,1.0,1026,68,24881,2.0,1080,1.0,436,2,88,0,4
70,2/22/2021,2033,87554,765,58785,1264,28687,930.0,14582,148.0,28090,37.0,1063,1177,26058,40.0,1120,10.0,446,4,92,0,4
71,2/23/2021,1227,88781,521,59306,705,29392,469.0,15051,160.0,28250,21.0,1084,634,26692,36.0,1156,14.0,460,1,93,0,4
72,2/24/2021,1426,90207,761,60067,663,30055,281.0,15332,140.0,28390,29.0,1113,611,27303,19.0,1175,4.0,464,2,95,0,4
73,2/25/2021,3876,94083,2073,62140,1800,31855,1508.0,16840,353.0,28743,49.0,1162,1697,29000,38.0,1213,16.0,480,2,97,1,5
74,2/26/2021,3272,97355,1156,63296,2113,33968,1743.0,18583,200.0,28943,33.0,1195,1991,30991,59.0,1272,30.0,510,3,100,0,5
75,2/27/2021,3494,100849,1662,64958,1828,35796,1560.0,20143,545.0,29488,35.0,1230,1707,32698,56.0,1328,30.0,540,4,104,0,5
76,2/28/2021,433,101282,359,65317,71,35867,43.0,20186,116.0,29604,2.0,1232,65,32763,2.0,1330,2.0,542,3,107,0,5
77,3/1/2021,2979,104261,1480,66797,1500,37367,1077.0,21263,300.0,29904,56.0,1288,1387,34150,46.0,1376,11.0,553,17,124,0,5
78,3/2/2021,3254,107515,1725,68522,1527,38894,1049.0,22312,385.0,30289,38.0,1326,1420,35570,42.0,1418,27.0,580,2,126,0,5
79,3/3/2021,1670,109185,1098,69620,576,39470,176.0,22488,206.0,30495,33.0,1359,513,36083,25.0,1443,5.0,585,0,126,0,5
80,3/4/2021,3017,112202,1593,71213,1456,40926,820.0,23308,172.0,30667,44.0,1403,1334,37417,58.0,1501,20.0,605,3,129,0,5
81,3/5/2021,3497,115699,2063,73276,1478,42404,822.0,24130,425.0,31092,41.0,1444,1369,38786,43.0,1544,25.0,630,4,133,0,5
82,3/6/2021,4122,119821,2335,75611,2708,45112,865.0,24995,270.0,31362,172.0,1616,2375,41161,125.0,1669,36.0,666,3,136,0,5
83,3/7/2021,427,120248,312,75923,151,45263,37.0,25032,23.0,31385,4.0,1620,142,41303,2.0,1671,3.0,669,0,136,0,5
84,3/8/2021,2825,123073,1066,76989,1917,47180,274.0,25306,75.0,31460,53.0,1673,1776,43079,65.0,1736,23.0,692,3,139,0,5
85,3/9/2021,3205,126278,1659,78648,1648,48828,264.0,25570,95.0,31555,54.0,1727,1499,44578,70.0,1806,25.0,717,14,153,0,5
86,3/10/2021,2402,128680,1385,80033,1099,49927,307.0,25877,86.0,31641,56.0,1783,993,45571,33.0,1839,17.0,734,3,156,0,5
87,3/11/2021,4188,132868,2384,82417,1908,51835,403.0,26280,134.0,31775,64.0,1847,1757,47328,68.0,1907,19.0,753,7,163,0,5
88,3/12/2021,3955,136823,2579,84996,1477,53312,203.0,26483,67.0,31842,94.0,1941,1294,48622,58.0,1965,31.0,784,8,171,0,5
89,3/13/2021,218,137041,134,85130,135,53447,22.0,26505,6.0,31848,1.0,1942,127,48749,5.0,1970,2.0,786,1,172,0,5
90,3/14/2021,103,137144,62,85192,41,53488,9.0,26514,0.0,31848,1.0,1943,38,48787,1.0,1971,1.0,787,1,173,0,5
91,3/15/2021,915,138059,373,85565,566,54054,89.0,26603,15.0,31863,20.0,1963,520,49307,17.0,1988,9.0,796,3,176,0,5
92,3/16/2021,3297,141356,2121,87686,1221,55275,229.0,26832,47.0,31910,69.0,2032,1088,50395,45.0,2033,19.0,815,1,177,0,5
93,3/17/2021,2918,144274,1783,89469,1186,56461,238.0,27070,87.0,31997,41.0,2073,1085,51480,41.0,2074,19.0,834,7,184,0,5
94,3/18/2021,4024,148298,2086,91555,1961,58422,342.0,27412,90.0,32087,99.0,2172,1778,53258,64.0,2138,20.0,854,15,199,0,5
95,3/19/2021,3014,151312,1747,93302,1280,59702,223.0,27635,43.0,32130,64.0,2236,1152,54410,45.0,2183,19.0,873,14,213,1,6
96,3/20/2021,3082,154394,1959,95261,1166,60868,317.0,27952,52.0,32182,37.0,2273,1044,55454,61.0,2244,24.0,897,7,220,0,6
97,3/21/2021,678,155072,404,95665,291,61159,27.0,27979,5.0,32187,13.0,2286,257,55711,18.0,2262,3.0,900,6,226,0,6
98,3/22/2021,3119,158191,2243,97908,899,62058,192.0,28171,56.0,32243,19.0,2305,829,56540,38.0,2300,13.0,913,9,235,0,6
99,3/23/2021,4465,162656,3570,101478,1752,63810,201.0,28372,75.0,32318,67.0,2372,1526,58066,107.0,2407,52.0,965,3,238,0,6
100,3/24/2021,3176,165832,2427,103905,805,64615,122.0,28494,37.0,32355,46.0,2418,712,58778,29.0,2436,18.0,983,7,245,0,6
101,3/25/2021,5073,170905,3041,106946,2047,66662,314.0,28808,69.0,32424,67.0,2485,1871,60649,74.0,2510,35.0,1018,11,256,2,8
102,3/26/2021,4591,175496,2720,109666,1904,68566,330.0,29138,66.0,32490,122.0,2607,1638,62287,112.0,2622,32.0,1050,12,268,0,8
103,3/27/2021,3352,178848,1909,111575,1445,70011,329.0,29467,20.0,32510,49.0,2656,1328,63615,48.0,2670,20.0,1070,5,273,0,8
104,3/28/2021,1191,180039,825,112400,368,70379,94.0,29561,17.0,32527,12.0,2668,339,63954,15.0,2685,2.0,1072,1,274,0,8
105,3/29/2021,4014,184053,2702,115102,1330,71709,233.0,29794,53.0,32580,42.0,2710,1244,65198,32.0,2717,12.0,1084,4,278,0,8
106,3/30/2021,4368,188421,2742,117844,1707,73416,248.0,30042,74.0,32654,57.0,2767,1555,66753,75.0,2792,20.0,1104,7,285,0,8
107,3/31/2021,3607,192028,2571,120415,1102,74518,172.0,30214,47.0,32701,46.0,2813,981,67734,52.0,2844,23.0,1127,8,293,0,8
108,4/1/2021,5186,197214,3368,123783,1860,76378,153.0,30367,78.0,32779,76.0,2889,1695,69429,67.0,2911,22.0,1149,25,318,1,9
109,4/2/2021,4724,201938,2523,126306,2243,78621,244.0,30611,50.0,32829,82.0,2971,2035,71464,96.0,3007,30.0,1179,6,324,1,10
110,4/3/2021,4287,206225,3531,129837,872,79493,99.0,30710,41.0,32870,38.0,3009,779,72243,36.0,3043,19.0,1198,6,330,0,10
111,4/4/2021,388,206613,269,130106,172,79665,6.0,30716,7.0,32877,3.0,3012,154,72397,13.0,3056,2.0,1200,2,332,0,10
112,4/5/2021,4723,211336,3778,133884,1086,80751,78.0,30794,46.0,32923,71.0,3083,937,73334,55.0,3111,23.0,1223,3,335,0,10
113,4/6/2021,5180,216516,3040,136924,2659,83410,92.0,30886,62.0,32985,91.0,3174,2334,75668,170.0,3281,64.0,1287,13,348,1,11
114,4/7/2021,4993,221509,3683,140607,3518,86928,83.0,30969,109.0,33094,155.0,3329,3023,78691,249.0,3530,91.0,1378,12,360,0,11
115,4/8/2021,6704,228213,4509,145116,4014,90942,165.0,31134,120.0,33214,170.0,3499,3535,82226,219.0,3749,90.0,1468,18,378,0,11
116,4/9/2021,5734,233947,3279,148395,4182,95124,95.0,31229,69.0,33283,196.0,3695,3639,85865,242.0,3991,105.0,1573,15,393,2,13
117,4/10/2021,4443,238390,3174,151569,2367,97491,70.0,31299,70.0,33353,131.0,3826,2004,87869,165.0,4156,67.0,1640,5,398,0,13
118,4/11/2021,1049,239439,799,152368,363,97854,7.0,31306,11.0,33364,16.0,3842,297,88166,38.0,4194,12.0,1652,0,398,0,13
119,4/12/2021,5043,244482,3628,155996,2668,100522,97.0,31403,97.0,33461,102.0,3944,2321,90487,175.0,4369,70.0,1722,12,410,0,13
120,4/13/2021,5052,249534,3566,159562,1517,102039,58.0,31461,77.0,33538,69.0,4013,1322,91809,101.0,4470,25.0,1747,11,421,0,13
121,4/14/2021,2958,252492,1431,160993,1515,103554,85.0,31546,25.0,33563,93.0,4106,1319,93128,72.0,4542,31.0,1778,12,433,0,13
122,4/15/2021,4962,257454,2326,163319,2620,106174,101.0,31647,61.0,33624,218.0,4324,2178,95306,163.0,4705,61.0,1839,17,450,1,14
123,4/16/2021,3919,261373,2075,165394,1827,108001,45.0,31692,35.0,33659,65.0,4389,1597,96903,129.0,4834,36.0,1875,16,466,1,15
124,4/17/2021,4599,265972,2399,167793,2188,110189,38.0,31730,57.0,33716,104.0,4493,1904,98807,133.0,4967,47.0,1922,12,478,1,16
125,4/18/2021,1055,267027,403,168196,645,110834,14.0,31744,10.0,33726,45.0,4538,537,99344,34.0,5001,29.0,1951,6,484,1,17
126,4/19/2021,3871,270898,1407,169603,2449,113283,44.0,31788,39.0,33765,169.0,4707,2058,101402,164.0,5165,58.0,2009,14,498,1,18
127,4/20/2021,4705,275603,1852,171455,2826,116109,45.0,31833,69.0,33834,159.0,4866,2407,103809,196.0,5361,64.0,2073,23,521,4,22
128,4/21/2021,3207,278810,719,172174,2466,118575,35.0,31868,32.0,33866,150.0,5016,2072,105881,166.0,5527,78.0,2151,24,545,0,22
129,4/22/2021,4661,283471,1776,173950,2865,121440,46.0,31914,61.0,33927,145.0,5161,2459,108340,192.0,5719,69.0,2220,20,565,0,22
130,4/23/2021,3597,287068,1177,175127,2409,123849,41.0,31955,31.0,33958,74.0,5235,2122,110462,131.0,5850,82.0,2302,13,578,0,22
131,4/24/2021,3363,290431,1117,176244,2234,126083,14.0,31969,20.0,33978,107.0,5342,1894,112356,194.0,6044,39.0,2341,12,590,0,22
132,4/25/2021,828,291259,364,176608,462,126545,6.0,31975,8.0,33986,106.0,5448,278,112634,39.0,6083,39.0,2380,3,593,0,22
133,4/26/2021,4375,295634,1108,177716,3258,129803,36.0,32011,30.0,34016,151.0,5599,2801,115435,213.0,6296,93.0,2473,11,604,0,22
134,4/27/2021,3358,298992,1187,178903,2175,131978,41.0,32052,37.0,34053,80.0,5679,1913,117348,139.0,6435,43.0,2516,15,619,1,23
135,4/28/2021,3002,301994,716,179619,2296,134274,45.0,32097,20.0,34073,168.0,5847,1861,119209,201.0,6636,66.0,2582,19,638,1,24
136,4/29/2021,3987,305981,823,180442,3171,137445,71.0,32168,32.0,34105,229.0,6076,2598,121807,234.0,6870,110.0,2692,11,649,0,24
137,4/30/2021,2898,308879,640,181082,2264,139709,49.0,32217,24.0,34129,76.0,6152,1922,123729,203.0,7073,63.0,2755,24,673,0,24
138,5/1/2021,3692,312571,818,181900,2848,142557,36.0,32253,19.0,34148,285.0,6437,2221,125950,204.0,7277,138.0,2893,40,713,1,25
139,5/2/2021,547,313118,241,182141,323,142880,7.0,32260,2.0,34150,12.0,6449,259,126209,42.0,7319,10.0,2903,5,718,0,25
140,5/3/2021,3427,316545,637,182778,2801,145681,48.0,32308,33.0,34183,110.0,6559,2404,128613,215.0,7534,72.0,2975,14,732,0,25
141,5/4/2021,4364,320909,694,183472,3721,149402,72.0,32380,27.0,34210,148.0,6707,3194,131807,261.0,7795,118.0,3093,10,742,3,28
142,5/5/2021,2234,323143,475,183947,1812,151214,63.0,32443,24.0,34234,87.0,6794,1502,133309,145.0,7940,78.0,3171,7,749,2,30
143,5/6/2021,3691,326834,821,184768,3039,154253,100.0,32543,39.0,34273,178.0,6972,2525,135834,198.0,8138,138.0,3309,9,758,5,35
144,5/7/2021,2942,329776,538,185306,2539,156792,45.0,32588,11.0,34284,136.0,7108,2090,137924,213.0,8351,100.0,3409,15,773,1,36
145,5/8/2021,2998,332774,561,185867,2603,159395,47.0,32635,16.0,34300,167.0,7275,2109,140033,194.0,8545,133.0,3542,11,784,0,36
146,5/9/2021,374,333148,141,186008,247,159642,4.0,32639,2.0,34302,11.0,7286,206,140239,21.0,8566,9.0,3551,3,787,0,36
147,5/10/2021,2445,335593,380,186388,2125,161767,64.0,32703,16.0,34318,91.0,7377,1729,141968,204.0,8770,101.0,3652,8,795,3,39
148,5/11/2021,2729,338322,534,186922,2248,164015,95.0,32798,23.0,34341,192.0,7569,1753,143721,206.0,8976,97.0,3749,16,811,1,40
149,5/12/2021,1240,339562,462,187384,864,164879,27.0,32825,14.0,34355,53.0,7622,688,144409,85.0,9061,38.0,3787,5,816,0,40
150,5/13/2021,3269,342831,1031,188415,2268,167147,85.0,32910,25.0,34380,149.0,7771,1850,146259,164.0,9225,105.0,3892,10,826,4,44
151,5/14/2021,2481,345312,1282,189697,1332,168479,58.0,32968,30.0,34410,66.0,7837,1113,147372,100.0,9325,53.0,3945,12,838,2,46
152,5/15/2021,3037,348349,1512,191209,1653,170132,44.0,33012,17.0,34427,117.0,7954,1316,148688,146.0,9471,74.0,4019,6,844,4,50
153,5/16/2021,944,349293,546,191755,442,170574,11.0,33023,5.0,34432,87.0,8041,281,148969,32.0,9503,42.0,4061,1,845,2,52
154,5/17/2021,2439,351732,1207,192962,1330,171904,36.0,33059,27.0,34459,51.0,8092,1113,150082,107.0,9610,59.0,4120,5,850,1,53
155,5/18/2021,2580,354312,1167,194129,1456,173360,45.0,33104,22.0,34481,70.0,8162,1230,151312,83.0,9693,73.0,4193,7,857,4,57
156,5/19/2021,1891,356203,1156,195285,816,174176,28.0,33132,20.0,34501,42.0,8204,665,151977,69.0,9762,40.0,4233,4,861,1,58
157,5/20/2021,1994,358197,933,196218,1118,175294,46.0,33178,28.0,34529,96.0,8300,894,152871,79.0,9841,49.0,4282,9,870,2,60
158,5/21/2021,1654,359851,927,197145,828,176122,21.0,33199,15.0,34544,44.0,8344,662,153533,64.0,9905,58.0,4340,16,886,3,63
159,5/22/2021,1695,361546,796,197941,938,177060,9.0,33208,13.0,34557,123.0,8467,656,154189,76.0,9981,83.0,4423,9,895,3,66
160,5/23/2021,685,362231,341,198282,375,177435,2.0,33210,5.0,34562,68.0,8535,231,154420,21.0,10002,55.0,4478,1,896,0,66
161,5/24/2021,1347,363578,539,198821,881,178316,36.0,33246,20.0,34582,41.0,8576,712,155132,85.0,10087,43.0,4521,12,908,2,68
162,5/25/2021,1233,364811,509,199330,769,179085,25.0,33271,20.0,34602,57.0,8633,581,155713,66.0,10153,65.0,4586,8,916,0,68
163,5/26/2021,968,365779,548,199878,559,179644,20.0,33291,25.0,34627,41.0,8674,441,156154,45.0,10198,32.0,4618,3,919,1,69
164,5/27/2021,1313,367092,670,200548,729,180373,32.0,33323,21.0,34648,58.0,8732,587,156741,54.0,10252,30.0,4648,6,925,1,70
165,5/28/2021,1048,368140,604,201152,506,180879,20.0,33343,22.0,34670,34.0,8766,394,157135,52.0,10304,26.0,4674,10,935,0,70
166,5/29/2021,1022,369162,492,201644,574,181453,19.0,33362,8.0,34678,32.0,8798,456,157591,44.0,10348,42.0,4716,7,942,0,70
167,5/30/2021,333,369495,219,201863,151,181604,5.0,33367,3.0,34681,14.0,8812,109,157700,17.0,10365,11.0,4727,3,945,2,72
168,5/31/2021,342,369837,192,202055,177,181781,8.0,33375,6.0,34687,7.0,8819,147,157847,11.0,10376,12.0,4739,11,956,1,73
169,6/1/2021,1013,370850,408,202463,633,182414,29.0,33404,18.0,34705,50.0,8869,491,158338,46.0,10422,46.0,4785,33,989,1,74
170,6/2/2021,721,371571,369,202832,419,182833,16.0,33420,8.0,34713,35.0,8904,334,158672,24.0,10446,26.0,4811,2,991,1,75
171,6/3/2021,1321,372892,525,203357,860,183693,23.0,33443,12.0,34725,51.0,8955,709,159381,60.0,10506,40.0,4851,5,996,0,75
172,6/4/2021,1504,374396,400,203757,1157,184850,15.0,33458,9.0,34734,71.0,9026,970,160351,69.0,10575,47.0,4898,3,999,1,76
173,6/5/2021,1424,375820,361,204118,1093,185943,12.0,33470,6.0,34740,64.0,9090,892,161243,95.0,10670,42.0,4940,10,1009,1,77
174,6/6/2021,561,376381,147,204265,434,186377,5.0,33475,3.0,34743,50.0,9140,344,161587,28.0,10698,12.0,4952,1,1010,0,77
175,6/7/2021,1196,377577,338,204603,914,187291,16.0,33491,12.0,34755,67.0,9207,734,162321,82.0,10780,31.0,4983,7,1017,1,78
176,6/8/2021,1093,378670,251,204854,872,188163,18.0,33509,5.0,34760,59.0,9266,709,163030,71.0,10851,33.0,5016,7,1024,0,78
177,6/9/2021,1085,379755,284,205138,856,189019,15.0,33524,12.0,34772,77.0,9343,658,163688,75.0,10926,46.0,5062,4,1028,1,79
178,6/10/2021,1328,381083,344,205482,1031,190050,21.0,33545,4.0,34776,95.0,9438,814,164502,68.0,10994,54.0,5116,10,1038,1,80
179,6/11/2021,1114,382197,321,205803,847,190897,20.0,33565,13.0,34789,60.0,9498,661,165163,81.0,11075,45.0,5161,2,1040,1,81
180,6/12/2021,1051,383248,288,206091,814,191711,16.0,33581,9.0,34798,72.0,9570,631,165794,68.0,11143,43.0,5204,1,1041,0,81
181,6/13/2021,372,383620,98,206189,292,192003,4.0,33585,1.0,34799,35.0,9605,212,166006,25.0,11168,20.0,5224,3,1044,0,81
182,6/14/2021,843,384463,289,206478,610,192613,15.0,33600,4.0,34803,47.0,9652,463,166469,44.0,11212,56.0,5280,3,1047,0,81
183,6/15/2021,709,385172,245,206723,489,193102,21.0,33621,10.0,34813,43.0,9695,394,166863,34.0,11246,18.0,5298,1,1048,1,82
184,6/16/2021,637,385809,207,206930,466,193568,13.0,33634,5.0,34818,39.0,9734,349,167212,39.0,11285,39.0,5337,4,1052,0,82
185,6/17/2021,702,386511,255,207185,474,194042,15.0,33649,9.0,34827,44.0,9778,351,167563,50.0,11335,29.0,5366,7,1059,1,83
186,6/18/2021,1048,387559,380,207565,704,194746,22.0,33671,11.0,34838,55.0,9833,562,168125,57.0,11392,30.0,5396,12,1071,0,83
187,6/19/2021,640,388199,152,207717,509,195255,10.0,33681,6.0,34844,52.0,9885,376,168501,54.0,11446,27.0,5423,4,1075,0,83
188,6/20/2021,296,388495,111,207828,193,195448,3.0,33684,2.0,34846,37.0,9922,119,168620,15.0,11461,22.0,5445,5,1080,0,83
189,6/21/2021,522,389017,216,208044,339,195787,5.0,33689,7.0,34853,30.0,9952,252,168872,34.0,11495,23.0,5468,4,1084,0,83
190,6/22/2021,619,389636,255,208299,402,196189,12.0,33701,8.0,34861,32.0,9984,314,169186,28.0,11523,28.0,5496,2,1086,0,83
191,6/23/2021,512,390148,186,208485,352,196541,8.0,33709,10.0,34871,40.0,10024,254,169440,35.0,11558,23.0,5519,11,1097,1,84
192,6/24/2021,537,390685,208,208693,355,196896,13.0,33722,9.0,34880,35.0,10059,274,169714,24.0,11582,22.0,5541,2,1099,0,84
193,6/25/2021,692,391377,274,208967,442,197338,12.0,33734,9.0,34889,44.0,10103,330,170044,42.0,11624,26.0,5567,3,1102,0,84
194,6/26/2021,605,391982,165,209132,452,197790,9.0,33743,9.0,34898,79.0,10182,297,170341,47.0,11671,29.0,5596,4,1106,2,86
195,6/27/2021,184,392166,69,209201,117,197907,2.0,33745,3.0,34901,10.0,10192,85,170426,12.0,11683,10.0,5606,2,1108,0,86
196,6/28/2021,489,392655,207,209408,290,198197,7.0,33752,6.0,34907,40.0,10232,207,170633,25.0,11708,18.0,5624,7,1115,0,86
197,6/29/2021,564,393219,255,209663,341,198538,17.0,33769,11.0,34918,43.0,10275,251,170884,23.0,11731,24.0,5648,8,1123,2,88
198,6/30/2021,421,393640,205,209868,230,198768,8.0,33777,11.0,34929,20.0,10295,173,171057,17.0,11748,20.0,5668,7,1130,2,90
199,7/1/2021,507,394147,212,210080,308,199076,9.0,33786,7.0,34936,23.0,10318,230,171287,35.0,11783,20.0,5688,13,1143,2,92
200,7/2/2021,572,394719,272,210352,313,199389,7.0,33793,7.0,34943,28.0,10346,246,171533,24.0,11807,15.0,5703,6,1149,0,92
201,7/3/2021,306,395025,120,210472,193,199582,4.0,33797,3.0,34946,28.0,10374,126,171659,20.0,11827,19.0,5722,5,1154,0,92
202,7/4/2021,55,395080,20,210492,35,199617,1.0,33798,0.0,34946,4.0,10378,22,171681,1.0,11828,8.0,5730,0,1154,0,92
203,7/5/2021,321,395401,141,210633,177,199794,3.0,33801,1.0,34947,18.0,10396,123,171804,26.0,11854,10.0,5740,9,1163,0,92
204,7/6/2021,467,395868,191,210824,287,200081,4.0,33805,5.0,34952,46.0,10442,207,172011,20.0,11874,14.0,5754,3,1166,0,92
205,7/7/2021,383,396251,212,211036,189,200270,8.0,33813,6.0,34958,24.0,10466,136,172147,13.0,11887,16.0,5770,5,1171,0,92
206,7/8/2021,431,396682,202,211238,253,200523,9.0,33822,8.0,34966,25.0,10491,178,172325,26.0,11913,24.0,5794,3,1174,1,93
207,7/9/2021,481,397163,193,211431,299,200822,10.0,33832,2.0,34968,39.0,10530,217,172542,25.0,11938,18.0,5812,2,1176,2,95
208,7/10/2021,264,397427,151,211582,133,200955,5.0,33837,2.0,34970,5.0,10535,110,172652,10.0,11948,8.0,5820,2,1178,0,95
209,7/11/2021,223,397650,119,211701,126,201081,6.0,33843,6.0,34976,11.0,10546,93,172745,10.0,11958,12.0,5832,8,1186,2,97
210,7/12/2021,388,398038,203,211904,198,201279,6.0,33849,4.0,34980,27.0,10573,132,172877,22.0,11980,17.0,5849,4,1190,0,97
211,7/13/2021,439,398477,225,212129,235,201514,17.0,33866,9.0,34989,28.0,10601,183,173060,12.0,11992,12.0,5861,4,1194,0,97
212,7/14/2021,289,398766,154,212283,162,201676,8.0,33874,5.0,34994,20.0,10621,118,173178,9.0,12001,15.0,5876,4,1198,1,98
213,7/15/2021,367,399133,189,212472,186,201862,1.0,33875,4.0,34998,16.0,10637,139,173317,14.0,12015,17.0,5893,6,1204,0,98
214,7/16/2021,512,399645,245,212717,284,202146,8.0,33883,9.0,35007,25.0,10662,214,173531,23.0,12038,22.0,5915,0,1204,0,98
215,7/17/2021,274,399919,157,212874,136,202282,12.0,33895,4.0,35011,13.0,10675,104,173635,8.0,12046,11.0,5926,3,1207,0,98
216,7/18/2021,196,400115,118,212992,94,202376,4.0,33899,3.0,35014,13.0,10688,67,173702,7.0,12053,7.0,5933,3,1210,0,98
217,7/19/2021,410,400525,207,213199,211,202587,9.0,33908,8.0,35022,26.0,10714,155,173857,18.0,12071,12.0,5945,4,1214,2,100
218,7/20/2021,425,400950,213,213412,222,202809,6.0,33914,8.0,35030,13.0,10727,170,174027,24.0,12095,15.0,5960,6,1220,1,101
219,7/21/2021,340,401290,187,213599,174,202983,14.0,33928,14.0,35044,13.0,10740,130,174157,14.0,12109,17.0,5977,3,1223,1,102
220,7/22/2021,402,401692,235,213834,177,203160,7.0,33935,17.0,35061,20.0,10760,131,174288,18.0,12127,8.0,5985,6,1229,1,103
221,7/23/2021,554,402246,323,214157,239,203399,7.0,33942,10.0,35071,37.0,10797,165,174453,19.0,12146,18.0,6003,6,1235,0,103
222,7/24/2021,350,402596,213,214370,159,203558,9.0,33951,9.0,35080,20.0,10817,116,174569,9.0,12155,14.0,6017,3,1238,1,104
223,7/25/2021,192,402788,139,214509,65,203623,0.0,33951,4.0,35084,7.0,10824,47,174616,5.0,12160,6.0,6023,4,1242,0,104
224,7/26/2021,357,403145,209,214718,150,203773,2.0,33953,6.0,35090,11.0,10835,102,174718,18.0,12178,19.0,6042,10,1252,0,104
225,7/27/2021,430,403575,235,214953,182,203955,5.0,33958,16.0,35106,23.0,10858,126,174844,20.0,12198,13.0,6055,27,1279,0,104
226,7/28/2021,471,404046,284,215237,226,204181,4.0,33962,10.0,35116,30.0,10888,148,174992,17.0,12215,31.0,6086,4,1283,2,106
227,7/29/2021,512,404558,309,215546,235,204416,8.0,33970,6.0,35122,25.0,10913,178,175170,14.0,12229,18.0,6104,12,1295,1,107
228,7/30/2021,698,405256,482,216028,254,204670,10.0,33980,14.0,35136,29.0,10942,190,175360,17.0,12246,18.0,6122,9,1304,1,108
229,7/31/2021,335,405591,200,216228,137,204807,4.0,33984,1.0,35137,16.0,10958,108,175468,8.0,12254,5.0,6127,10,1314,0,108
230,8/1/2021,298,405889,175,216403,104,204911,0.0,33984,2.0,35139,14.0,10972,66,175534,8.0,12262,16.0,6143,33,1347,3,111
231,8/2/2021,451,406340,298,216701,182,205093,5.0,33989,14.0,35153,23.0,10995,126,175660,19.0,12281,14.0,6157,7,1354,2,113
232,8/3/2021,566,406906,347,217048,248,205341,6.0,33995,14.0,35167,40.0,11035,165,175825,15.0,12296,28.0,6185,5,1359,1,114
233,8/4/2021,400,407306,278,217326,154,205495,6.0,34001,14.0,35181,11.0,11046,115,175940,7.0,12303,21.0,6206,2,1361,1,115
234,8/5/2021,450,407756,290,217616,173,205668,6.0,34007,11.0,35192,21.0,11067,126,176066,16.0,12319,10.0,6216,8,1369,0,115
235,8/6/2021,683,408439,459,218075,274,205942,13.0,34020,16.0,35208,23.0,11090,204,176270,24.0,12343,23.0,6239,8,1377,0,115
236,8/7/2021,446,408885,311,218386,159,206101,4.0,34024,11.0,35219,12.0,11102,127,176397,5.0,12348,15.0,6254,5,1382,1,116
237,8/8/2021,218,409103,125,218511,99,206200,3.0,34027,5.0,35224,8.0,11110,71,176468,8.0,12356,12.0,6266,6,1388,3,119
238,8/9/2021,462,409565,275,218786,222,206422,4.0,34031,6.0,35230,21.0,11131,167,176635,11.0,12367,23.0,6289,6,1394,2,121
239,8/10/2021,501,410066,296,219082,231,206653,6.0,34037,13.0,35243,26.0,11157,179,176814,12.0,12379,14.0,6303,5,1399,4,125
240,8/11/2021,419,410485,260,219342,182,206835,11.0,34048,5.0,35248,18.0,11175,137,176951,14.0,12393,13.0,6316,6,1405,0,125
241,8/12/2021,540,411025,318,219660,265,207100,7.0,34055,15.0,35263,32.0,11207,187,177138,22.0,12415,24.0,6340,8,1413,2,127
242,8/13/2021,659,411684,376,220036,303,207403,10.0,34065,10.0,35273,30.0,11237,224,177362,18.0,12433,31.0,6371,7,1420,1,128
243,8/14/2021,511,412195,259,220295,258,207661,7.0,34072,8.0,35281,12.0,11249,218,177580,10.0,12443,18.0,6389,53,1473,2,130
244,8/15/2021,268,412463,131,220426,123,207784,2.0,34074,2.0,35283,11.0,11260,89,177669,6.0,12449,17.0,6406,22,1495,0,130
245,8/16/2021,542,413005,311,220737,180,207964,4.0,34078,11.0,35294,15.0,11275,140,177809,13.0,12462,12.0,6418,81,1576,3,133
246,8/17/2021,488,413493,227,220964,195,208159,17.0,34095,10.0,35304,17.0,11292,146,177955,11.0,12473,21.0,6439,92,1668,0,133
247,8/18/2021,592,414085,323,221287,272,208431,6.0,34101,14.0,35318,32.0,11324,184,178139,14.0,12487,42.0,6481,73,1741,4,137
248,8/19/2021,572,414657,281,221568,267,208698,7.0,34108,9.0,35327,21.0,11345,209,178348,22.0,12509,15.0,6496,84,1825,1,138
249,8/20/2021,851,415508,339,221907,467,209165,15.0,34123,11.0,35338,43.0,11388,371,178719,30.0,12539,23.0,6519,98,1923,1,139
250,8/21/2021,649,416157,212,222119,213,209378,5.0,34128,7.0,35345,15.0,11403,176,178895,12.0,12551,10.0,6529,235,2158,0,139
251,8/22/2021,310,416467,149,222268,137,209515,1.0,34129,2.0,35347,19.0,11422,96,178991,9.0,12560,13.0,6542,32,2190,2,141
252,8/23/2021,529,416996,261,222529,226,209741,10.0,34139,10.0,35357,20.0,11442,170,179161,13.0,12573,23.0,6565,64,2254,2,143
253,8/24/2021,572,417568,274,222803,283,210024,12.0,34151,8.0,35365,29.0,11471,223,179384,14.0,12587,17.0,6582,58,2312,2,145
254,8/25/2021,605,418173,325,223128,270,210294,13.0,34164,13.0,35378,22.0,11493,205,179589,10.0,12597,33.0,6615,53,2365,2,147
255,8/26/2021,545,418718,260,223388,262,210556,10.0,34174,13.0,35391,18.0,11511,203,179792,23.0,12620,18.0,6633,56,2421,0,147
256,8/27/2021,899,419617,355,223743,405,210961,15.0,34189,11.0,35402,38.0,11549,298,180090,25.0,12645,44.0,6677,177,2598,6,153
257,8/28/2021,1457,421074,200,223943,248,211209,8.0,34197,5.0,35407,23.0,11572,185,180275,13.0,12658,27.0,6704,1001,3599,14,167
258,8/29/2021,1076,422150,159,224102,140,211349,4.0,34201,4.0,35411,9.0,11581,114,180389,12.0,12670,5.0,6709,772,4371,10,177
259,8/30/2021,616,422766,269,224371,283,211632,10.0,34211,13.0,35424,24.0,11605,218,180607,7.0,12677,34.0,6743,95,4466,5,182
260,8/31/2021,805,423571,233,224604,231,211863,7.0,34218,12.0,35436,20.0,11625,182,180789,17.0,12694,12.0,6755,344,4810,9,191
261,9/1/2021,990,424561,252,224856,229,212092,13.0,34231,16.0,35452,21.0,11646,174,180963,14.0,12708,20.0,6775,527,5337,3,194
262,9/2/2021,829,425390,184,225040,205,212297,14.0,34245,13.0,35465,19.0,11665,151,181114,17.0,12725,18.0,6793,462,5799,4,198
263,9/3/2021,852,426242,336,225376,374,212671,14.0,34259,11.0,35476,45.0,11710,274,181388,21.0,12746,34.0,6827,162,5961,3,201
264,9/4/2021,379,426621,164,225540,175,212846,7.0,34266,8.0,35484,14.0,11724,138,181526,11.0,12757,12.0,6839,48,6009,2,203
265,9/5/2021,249,426870,130,225670,108,212954,2.0,34268,4.0,35488,13.0,11737,78,181604,8.0,12765,9.0,6848,22,6031,0,203
266,9/6/2021,114,426984,45,225715,61,213015,1.0,34269,0.0,35488,4.0,11741,45,181649,8.0,12773,4.0,6852,13,6044,0,203
267,9/7/2021,954,427938,199,225914,279,213294,18.0,34287,12.0,35500,22.0,11763,216,181865,17.0,12790,24.0,6876,484,6528,6,209
268,9/8/2021,788,428726,221,226135,228,213522,11.0,34298,12.0,35512,25.0,11788,170,182035,11.0,12801,22.0,6898,360,6888,5,214
269,9/9/2021,403,429129,175,226310,194,213716,10.0,34308,8.0,35520,22.0,11810,143,182178,14.0,12815,15.0,6913,56,6944,1,215
270,9/10/2021,769,429898,346,226656,319,214035,9.0,34317,23.0,35543,28.0,11838,242,182420,20.0,12835,29.0,6942,143,7087,4,219
271,9/11/2021,1620,431518,160,226816,207,214242,11.0,34328,19.0,35562,17.0,11855,158,182578,16.0,12851,16.0,6958,1262,8349,6,225
272,9/12/2021,233,431751,102,226918,113,214355,0.0,34328,2.0,35564,11.0,11866,73,182651,10.0,12861,19.0,6977,16,8365,2,227
273,9/13/2021,499,432250,219,227137,253,214608,9.0,34337,8.0,35572,24.0,11890,191,182842,12.0,12873,26.0,7003,48,8413,0,227
274,9/14/2021,849,433099,205,227342,278,214886,13.0,34350,14.0,35586,17.0,11907,225,183067,14.0,12887,22.0,7025,399,8812,2,229
275,9/15/2021,830,433929,189,227531,271,215157,15.0,34365,14.0,35600,21.0,11928,200,183267,17.0,12904,33.0,7058,395,9207,3,232
276,9/16/2021,369,434298,138,227669,200,215357,9.0,34374,8.0,35608,33.0,11961,144,183411,12.0,12916,11.0,7069,47,9254,0,232
277,9/17/2021,751,435049,287,227956,395,215752,15.0,34389,13.0,35621,29.0,11990,296,183707,39.0,12955,31.0,7100,121,9375,2,234
278,9/18/2021,1812,436861,128,228084,171,215923,5.0,34394,20.0,35641,11.0,12001,127,183834,16.0,12971,17.0,7117,1512,10887,11,245
279,9/19/2021,186,437047,78,228162,107,216030,3.0,34397,2.0,35643,7.0,12008,83,183917,5.0,12976,12.0,7129,14,10901,0,245
280,9/20/2021,387,437434,144,228306,221,216251,8.0,34405,9.0,35652,28.0,12036,163,184080,10.0,12986,20.0,7149,54,10955,0,245
281,9/21/2021,779,438213,164,228470,204,216455,8.0,34413,13.0,35665,22.0,12058,156,184236,10.0,12996,16.0,7165,423,11378,4,249
282,9/22/2021,730,438943,163,228633,236,216691,5.0,34418,11.0,35676,15.0,12073,188,184424,16.0,13012,17.0,7182,364,11742,7,256
283,9/23/2021,349,439292,144,228777,178,216869,8.0,34426,3.0,35679,9.0,12082,131,184555,14.0,13026,24.0,7206,47,11789,2,258
284,9/24/2021,694,439986,204,228981,278,217147,16.0,34442,15.0,35694,20.0,12102,219,184774,12.0,13038,27.0,7233,234,12023,2,260
285,9/25/2021,1717,441703,132,229113,177,217324,11.0,34453,21.0,35715,15.0,12117,139,184913,11.0,13049,12.0,7245,1410,13433,7,267
286,9/26/2021,259,441962,66,229179,85,217409,3.0,34456,3.0,35718,11.0,12128,63,184976,4.0,13053,7.0,7252,106,13539,2,269
287,9/27/2021,570,442532,155,229334,123,217532,7.0,34463,10.0,35728,7.0,12135,95,185071,8.0,13061,13.0,7265,308,13847,1,270
288,9/28/2021,1134,443666,159,229493,202,217734,19.0,34482,23.0,35751,14.0,12149,154,185225,9.0,13070,25.0,7290,792,14639,5,275
289,9/29/2021,1131,444797,173,229666,166,217900,10.0,34492,21.0,35772,15.0,12164,123,185348,8.0,13078,20.0,7310,805,15444,4,279
290,9/30/2021,714,445511,163,229829,172,218072,15.0,34507,7.0,35779,11.0,12175,133,185481,11.0,13089,17.0,7327,404,15848,9,288
291,10/1/2021,1188,446699,179,230008,312,218384,20.0,34527,15.0,35794,24.0,12199,245,185726,21.0,13110,22.0,7349,707,16555,12,300
292,10/2/2021,1805,448504,113,230121,113,218497,11.0,34538,13.0,35807,9.0,12208,93,185819,6.0,13116,5.0,7354,1574,18129,9,309
293,10/3/2021,394,448898,64,230185,113,218610,1.0,34539,2.0,35809,19.0,12227,77,185896,7.0,13123,10.0,7364,230,18359,0,309
294,10/4/2021,809,449707,114,230299,160,218770,7.0,34546,13.0,35822,27.0,12254,103,185999,17.0,13140,13.0,7377,539,18898,5,314
295,10/5/2021,1123,450830,137,230436,137,218907,11.0,34557,18.0,35840,13.0,12267,102,186101,9.0,13149,13.0,7390,863,19761,1,315
296,10/6/2021,1005,451835,109,230545,156,219063,7.0,34564,15.0,35855,11.0,12278,125,186226,5.0,13154,15.0,7405,754,20515,5,320
297,10/7/2021,806,452641,136,230681,113,219176,8.0,34572,15.0,35870,8.0,12286,89,186315,6.0,13160,10.0,7415,577,21092,2,322
298,10/8/2021,1038,453679,162,230843,245,219421,19.0,34591,11.0,35881,22.0,12308,190,186505,11.0,13171,22.0,7437,648,21740,0,322
299,10/9/2021,1681,455360,108,230951,132,219553,11.0,34602,6.0,35887,22.0,12330,98,186603,4.0,13175,8.0,7445,1437,23177,8,330
300,10/10/2021,245,455605,51,231002,66,219619,2.0,34604,3.0,35890,5.0,12335,51,186654,5.0,13180,5.0,7450,127,23304,2,332
301,10/11/2021,822,456427,118,231120,135,219754,16.0,34620,19.0,35909,3.0,12338,111,186765,9.0,13189,12.0,7462,573,23877,7,339
302,10/12/2021,1024,457451,114,231234,134,219888,8.0,34628,17.0,35926,17.0,12355,104,186869,4.0,13193,9.0,7471,785,24662,4,343
303,10/13/2021,979,458430,123,231357,152,220040,16.0,34644,10.0,35936,16.0,12371,113,186982,14.0,13207,9.0,7480,718,25380,10,353
304,10/14/2021,714,459144,99,231456,124,220164,14.0,34658,8.0,35944,19.0,12390,92,187074,8.0,13215,5.0,7485,497,25877,5,358
305,10/15/2021,1035,460179,177,231633,216,220380,12.0,34670,8.0,35952,15.0,12405,170,187244,12.0,13227,19.0,7504,670,26547,9,367
306,10/16/2021,807,460986,67,231700,81,220461,4.0,34674,3.0,35955,7.0,12412,69,187313,2.0,13229,3.0,7507,655,27202,7,374
307,10/17/2021,197,461183,48,231748,63,220524,1.0,34675,2.0,35957,4.0,12416,47,187360,3.0,13232,9.0,7516,84,27286,2,376
308,10/18/2021,657,461840,118,231866,136,220660,10.0,34685,3.0,35960,13.0,12429,106,187466,7.0,13239,10.0,7526,417,27703,4,380
309,10/19/2021,1054,462894,122,231988,132,220792,4.0,34689,11.0,35971,7.0,12436,107,187573,8.0,13247,10.0,7536,807,28510,5,385
310,10/20/2021,898,463792,122,232110,121,220913,7.0,34696,13.0,35984,9.0,12445,90,187663,7.0,13254,15.0,7551,666,29176,8,393
311,10/21/2021,540,464332,109,232219,127,221040,10.0,34706,8.0,35992,13.0,12458,85,187748,11.0,13265,18.0,7569,324,29500,5,398
312,10/22/2021,1482,465814,195,232414,160,221200,7.0,34713,13.0,36005,18.0,12476,109,187857,8.0,13273,25.0,7594,1142,30642,10,408
313,10/23/2021,1860,467674,87,232501,76,221276,9.0,34722,14.0,36019,1.0,12477,63,187920,4.0,13277,8.0,7602,1688,32330,14,422
314,10/24/2021,591,468265,80,232581,73,221349,7.0,34729,9.0,36028,7.0,12484,57,187977,4.0,13281,5.0,7607,445,32775,5,427
315,10/25/2021,1473,469738,140,232721,113,221462,19.0,34748,18.0,36046,8.0,12492,90,188067,7.0,13288,8.0,7615,1219,33994,15,442
316,10/26/2021,2136,471874,175,232896,136,221598,7.0,34755,17.0,36063,15.0,12507,101,188168,8.0,13296,12.0,7627,1816,35810,22,464
317,10/27/2021,1979,473853,148,233044,110,221708,6.0,34761,17.0,36080,5.0,12512,88,188256,10.0,13306,7.0,7634,1728,37538,9,473
318,10/28/2021,1785,475638,138,233182,114,221822,4.0,34765,22.0,36102,6.0,12518,92,188348,4.0,13310,12.0,7646,1527,39065,16,489
319,10/29/2021,1731,477369,180,233362,132,221954,4.0,34769,15.0,36117,8.0,12526,107,188455,5.0,13315,12.0,7658,1416,40481,15,504
320,10/30/2021,1586,478955,78,233440,80,222034,5.0,34774,8.0,36125,6.0,12532,62,188517,7.0,13322,5.0,7663,1420,41901,17,521
321,10/31/2021,463,479418,48,233488,37,222071,1.0,34775,6.0,36131,7.0,12539,27,188544,1.0,13323,2.0,7665,374,42275,4,525
322,11/1/2021,1334,480752,144,233632,112,222183,3.0,34778,11.0,36142,10.0,12549,77,188621,7.0,13330,18.0,7683,1074,43349,16,541
323,11/2/2021,1844,482596,128,233760,103,222286,7.0,34785,16.0,36158,11.0,12560,75,188696,7.0,13337,10.0,7693,1610,44959,18,559
324,11/3/2021,1749,484345,159,233919,118,222404,8.0,34793,19.0,36177,10.0,12570,83,188779,6.0,13343,19.0,7712,1470,46429,21,580
325,11/4/2021,1418,485763,144,234063,93,222497,4.0,34797,13.0,36190,1.0,12571,76,188855,5.0,13348,11.0,7723,1201,47630,9,589
326,11/5/2021,2035,487798,225,234288,169,222666,11.0,34808,11.0,36201,12.0,12583,138,188993,7.0,13355,12.0,7735,1659,49289,16,605
327,11/6/2021,1583,489381,215,234503,77,222743,2.0,34810,8.0,36209,5.0,12588,62,189055,5.0,13360,5.0,7740,1282,50571,17,622
328,11/7/2021,533,489914,123,234626,42,222785,1.0,34811,8.0,36217,4.0,12592,32,189087,0.0,13360,6.0,7746,361,50932,8,630
329,11/8/2021,1527,491441,385,235011,107,222892,6.0,34817,9.0,36226,8.0,12600,87,189174,2.0,13362,10.0,7756,1046,51978,8,638
330,11/9/2021,2654,494095,944,235955,132,223024,5.0,34822,19.0,36245,11.0,12611,87,189261,9.0,13371,25.0,7781,1584,53562,16,654
331,11/10/2021,2512,496607,820,236775,113,223137,7.0,34829,15.0,36260,9.0,12620,84,189345,10.0,13381,10.0,7791,1580,55142,19,673
332,11/11/2021,2351,498958,960,237735,98,223235,6.0,34835,8.0,36268,11.0,12631,70,189415,11.0,13392,6.0,7797,1294,56436,21,694
333,11/12/2021,2581,501539,755,238490,141,223376,9.0,34844,19.0,36287,14.0,12645,107,189522,9.0,13401,11.0,7808,1675,58111,24,718
334,11/13/2021,1934,503473,405,238895,69,223445,2.0,34846,10.0,36297,4.0,12649,46,189568,7.0,13408,12.0,7820,1456,59567,13,731
335,11/14/2021,1495,504968,912,239807,57,223502,1.0,34847,2.0,36299,7.0,12656,35,189603,6.0,13414,9.0,7829,534,60101,2,733
336,11/15/2021,1982,506950,442,240249,100,223602,5.0,34852,11.0,36310,12.0,12668,69,189672,6.0,13420,13.0,7842,1441,61542,13,746
337,11/16/2021,2435,509385,450,240699,106,223708,3.0,34855,21.0,36331,16.0,12684,73,189745,7.0,13427,10.0,7852,1866,63408,26,772
338,11/17/2021,2750,512135,633,241332,130,223838,7.0,34862,19.0,36350,9.0,12693,105,189850,6.0,13433,10.0,7862,1979,65387,31,803
339,11/18/2021,2025,514160,386,241718,106,223944,6.0,34868,11.0,36361,11.0,12704,80,189930,10.0,13443,5.0,7867,1519,66906,30,833
340,11/19/2021,2589,516749,716,242434,157,224101,3.0,34871,16.0,36377,11.0,12715,125,190055,10.0,13453,11.0,7878,1710,68616,26,859
341,11/20/2021,1899,518648,539,242973,46,224147,2.0,34873,5.0,36382,4.0,12719,36,190091,2.0,13455,4.0,7882,1301,69917,16,875
342,11/21/2021,662,519310,122,243095,43,224190,0.0,34873,1.0,36383,2.0,12721,31,190122,3.0,13458,7.0,7889,493,70410,6,881
343,11/22/2021,2004,521314,424,243519,112,224302,8.0,34881,20.0,36403,1.0,12722,91,190213,6.0,13464,14.0,7903,1461,71871,26,907
344,11/23/2021,1873,523187,286,243805,93,224395,4.0,34885,15.0,36418,9.0,12731,68,190281,9.0,13473,7.0,7910,1491,73362,13,920
345,11/24/2021,1543,524730,219,244024,94,224489,4.0,34889,11.0,36429,10.0,12741,73,190354,5.0,13478,6.0,7916,1236,74598,9,929
346,11/25/2021,49,524779,9,244033,0,224489,0.0,34889,0.0,36429,0.0,12741,0,190354,0.0,13478,,7916,38,74636,2,931
347,11/26/2021,1276,526055,190,244223,146,224635,2.0,34891,4.0,36433,14.0,12755,114,190468,11.0,13489,7.0,7923,952,75588,6,937
348,11/27/2021,968,527023,135,244358,121,224756,2.0,34893,2.0,36435,9.0,12764,100,190568,5.0,13494,7.0,7930,708,76296,8,945
349,11/28/2021,551,527574,94,244452,84,224840,2.0,34895,2.0,36437,6.0,12770,66,190634,5.0,13499,7.0,7937,371,76667,6,951
350,11/29/2021,1886,529460,263,244715,335,225175,7.0,34902,13.0,36450,26.0,12796,272,190906,24.0,13523,13.0,7950,1280,77947,19,970
351,11/30/2021,2709,532169,336,245051,717,225892,2.0,34904,12.0,36462,46.0,12842,609,191515,50.0,13573,12.0,7962,1642,79589,31,1001
352,12/1/2021,2533,534702,268,245319,658,226550,6.0,34910,11.0,36473,28.0,12870,574,192089,52.0,13625,4.0,7966,1589,81178,31,1032
353,12/2/2021,2866,537568,357,245676,836,227386,6.0,34916,14.0,36487,64.0,12934,678,192767,69.0,13694,25.0,7991,1656,82834,36,1068
354,12/3/2021,2622,540190,280,245956,679,228065,9.0,34925,4.0,36491,58.0,12992,535,193302,64.0,13758,22.0,8013,1666,84500,13,1081
355,12/4/2021,2203,542393,158,246114,356,228421,3.0,34928,1.0,36492,18.0,13010,277,193579,30.0,13788,31.0,8044,1680,86180,14,1095
356,12/5/2021,1393,543786,98,246212,820,229241,1.0,34929,0.0,36492,66.0,13076,650,194229,71.0,13859,33.0,8077,479,86659,3,1098
357,12/6/2021,1956,545742,238,246450,386,229627,5.0,34934,6.0,36498,48.0,13124,292,194521,30.0,13889,16.0,8093,1332,87991,12,1110
358,12/7/2021,2479,548221,304,246754,374,230001,6.0,34940,8.0,36506,42.0,13166,293,194814,23.0,13912,16.0,8109,1796,89787,22,1132
359,12/8/2021,2255,550476,270,247024,438,230439,5.0,34945,12.0,36518,32.0,13198,360,195174,35.0,13947,11.0,8120,1552,91339,13,1145
360,12/9/2021,2188,552664,306,247330,396,230835,1.0,34946,8.0,36526,24.0,13222,304,195478,35.0,13982,33.0,8153,1481,92820,15,1160
361,12/10/2021,2104,554768,232,247562,329,231164,7.0,34953,8.0,36534,33.0,13255,246,195724,27.0,14009,23.0,8176,1533,94353,18,1178
362,12/11/2021,1800,556568,136,247698,458,231622,3.0,34956,1.0,36535,60.0,13315,337,196061,37.0,14046,24.0,8200,1198,95551,8,1186
363,12/12/2021,425,556993,55,247753,63,231685,1.0,34957,3.0,36538,4.0,13319,46,196107,7.0,14053,6.0,8206,307,95858,2,1188
364,12/13/2021,1766,558759,293,248046,344,232029,3.0,34960,8.0,36546,26.0,13345,273,196380,33.0,14086,12.0,8218,1136,96994,11,1199
365,12/14/2021,2216,560975,273,248319,256,232285,5.0,34965,4.0,36550,26.0,13371,202,196582,13.0,14099,15.0,8233,1690,98684,19,1218
366,12/15/2021,1766,562741,203,248522,154,232439,3.0,34968,4.0,36554,8.0,13379,120,196702,14.0,14113,12.0,8245,1411,100095,12,1230
367,12/16/2021,1838,564579,322,248844,173,232612,3.0,34971,8.0,36562,17.0,13396,140,196842,9.0,14122,7.0,8252,1339,101434,19,1249
368,12/17/2021,2131,566710,304,249148,349,232961,3.0,34974,9.0,36571,26.0,13422,277,197119,36.0,14158,10.0,8262,1471,102905,17,1266
369,12/18/2021,1821,568531,175,249323,178,233139,3.0,34977,4.0,36575,17.0,13439,148,197267,6.0,14164,7.0,8269,1446,104351,22,1288
370,12/19/2021,443,568974,42,249365,49,233188,1.0,34978,3.0,36578,5.0,13444,37,197304,3.0,14167,4.0,8273,350,104701,2,1290
371,12/20/2021,1590,570564,201,249566,172,233360,2.0,34980,9.0,36587,26.0,13470,127,197431,9.0,14176,10.0,8283,1209,105910,14,1304
372,12/21/2021,2220,572784,310,249876,170,233530,6.0,34986,9.0,36596,27.0,13497,115,197546,15.0,14191,13.0,8296,1734,107644,16,1320
373,12/22/2021,1916,574700,221,250097,198,233728,4.0,34990,9.0,36605,26.0,13523,148,197694,17.0,14208,7.0,8303,1484,109128,18,1338
374,12/23/2021,1261,575961,217,250314,144,233872,2.0,34992,4.0,36609,21.0,13544,97,197791,12.0,14220,14.0,8317,901,110029,11,1349
375,12/24/2021,323,576284,45,250359,49,233921,2.0,34994,2.0,36611,3.0,13547,41,197832,4.0,14224,1.0,8318,230,110259,1,1350
376,12/25/2021,15,576299,4,250363,1,233922,0.0,34994,0.0,36611,,13547,1,197833,0.0,14224,,8318,10,110269,0,1350
377,12/26/2021,360,576659,59,250422,56,233978,1.0,34995,0.0,36611,8.0,13555,41,197874,4.0,14228,3.0,8321,243,110512,5,1355
378,12/27/2021,1296,577955,182,250604,163,234141,4.0,34999,5.0,36616,17.0,13572,124,197998,15.0,14243,7.0,8328,943,111455,15,1370
379,12/28/2021,1930,579885,274,250878,199,234340,6.0,35005,12.0,36628,30.0,13602,139,198137,15.0,14258,15.0,8343,1439,112894,21,1391
380,12/29/2021,1723,581608,211,251089,173,234513,3.0,35008,7.0,36635,27.0,13629,123,198260,14.0,14272,9.0,8352,1334,114228,17,1408
381,12/30/2021,1402,583010,223,251312,169,234682,3.0,35011,8.0,36643,22.0,13651,126,198386,12.0,14284,9.0,8361,1002,115230,15,1423
382,12/31/2021,518,583528,95,251407,54,234736,0.0,35011,2.0,36645,7.0,13658,40,198426,3.0,14287,4.0,8365,360,115590,10,1433
383,1/1/2022,94,583622,11,251418,12,234748,0.0,35011,0.0,36645,0.0,13658,10,198436,1.0,14288,1.0,8366,66,115656,3,1436
384,1/2/2022,322,583944,46,251464,38,234786,0.0,35011,1.0,36646,7.0,13665,24,198460,7.0,14295,0.0,8366,237,115893,2,1438
385,1/3/2022,1620,585564,326,251790,291,235077,3.0,35014,5.0,36651,30.0,13695,233,198693,19.0,14314,9.0,8375,996,116889,15,1453
386,1/4/2022,1701,587265,262,252052,194,235271,7.0,35021,6.0,36657,27.0,13722,145,198838,13.0,14327,9.0,8384,1239,118128,17,1470
387,1/5/2022,1342,588607,203,252255,113,235384,2.0,35023,8.0,36665,8.0,13730,88,198926,5.0,14332,12.0,8396,1024,119152,13,1483
388,1/6/2022,1247,589854,257,252512,175,235559,2.0,35025,4.0,36669,24.0,13754,124,199050,6.0,14338,21.0,8417,812,119964,11,1494
389,1/7/2022,2067,591921,251,252763,244,235803,5.0,35030,8.0,36677,30.0,13784,183,199233,21.0,14359,10.0,8427,1569,121533,14,1508
390,1/8/2022,1587,593508,124,252887,88,235891,1.0,35031,3.0,36680,6.0,13790,69,199302,6.0,14365,7.0,8434,1358,122891,17,1525
391,1/9/2022,504,594012,91,252978,57,235948,0.0,35031,2.0,36682,13.0,13803,35,199337,3.0,14368,6.0,8440,352,123243,4,1529
392,1/10/2022,1574,595586,291,253269,132,236080,2.0,35033,6.0,36688,14.0,13817,98,199435,12.0,14380,8.0,8448,1150,124393,11,1540
393,1/11/2022,1584,597170,226,253495,200,236280,2.0,35035,4.0,36692,28.0,13845,149,199584,8.0,14388,15.0,8463,1154,125547,18,1558
394,1/12/2022,1406,598576,175,253670,106,236386,1.0,35036,5.0,36697,21.0,13866,66,199650,14.0,14402,5.0,8468,1118,126665,15,1573
395,1/13/2022,1109,599685,196,253866,126,236512,3.0,35039,2.0,36699,10.0,13876,87,199737,15.0,14417,14.0,8482,785,127450,8,1581
396,1/14/2022,1633,601318,271,254137,132,236644,1.0,35040,8.0,36707,19.0,13895,89,199826,16.0,14433,8.0,8490,1222,128672,20,1601
397,1/15/2022,1224,602542,139,254276,66,236710,0.0,35040,3.0,36710,6.0,13901,52,199878,7.0,14440,1.0,8491,1004,129676,15,1616
398,1/16/2022,290,602832,46,254322,25,236735,1.0,35041,0.0,36710,1.0,13902,20,199898,4.0,14444,0.0,8491,216,129892,2,1618
399,1/17/2022,801,603633,161,254483,91,236826,2.0,35043,5.0,36715,11.0,13913,69,199967,8.0,14452,3.0,8494,539,130431,12,1630
400,1/18/2022,889,604522,156,254639,112,236938,2.0,35045,5.0,36720,22.0,13935,80,200047,4.0,14456,6.0,8500,610,131041,18,1648
401,1/19/2022,764,605286,124,254763,93,237031,4.0,35049,7.0,36727,9.0,13944,67,200114,6.0,14462,11.0,8511,548,131589,9,1657
402,1/20/2022,839,606125,152,254915,126,237157,0.0,35049,11.0,36738,16.0,13960,90,200204,9.0,14471,11.0,8522,559,132148,8,1665
403,1/21/2022,1228,607353,176,255091,105,237262,2.0,35051,2.0,36740,11.0,13971,76,200280,7.0,14478,11.0,8533,941,133089,11,1676
404,1/22/2022,827,608180,93,255184,73,237335,0.0,35051,1.0,36741,12.0,13983,50,200330,4.0,14482,7.0,8540,635,133724,23,1699
405,1/23/2022,236,608416,29,255213,38,237373,1.0,35052,0.0,36741,4.0,13987,27,200357,7.0,14489,0.0,8540,169,133893,1,1700
406,1/24/2022,540,608956,85,255298,95,237468,1.0,35053,1.0,36742,14.0,14001,67,200424,7.0,14496,7.0,8547,355,134248,8,1708
407,1/25/2022,674,609630,116,255414,118,237586,3.0,35056,2.0,36744,11.0,14012,80,200504,20.0,14516,7.0,8554,421,134669,19,1727
408,1/26/2022,655,610285,104,255518,109,237695,5.0,35061,3.0,36747,11.0,14023,79,200583,11.0,14527,8.0,8562,439,135108,8,1735
409,1/27/2022,627,610912,115,255633,145,237840,3.0,35064,1.0,36748,26.0,14049,105,200688,7.0,14534,7.0,8569,357,135465,14,1749
410,1/28/2022,978,611890,161,255794,126,237966,4.0,35068,6.0,36754,18.0,14067,80,200768,12.0,14546,16.0,8585,672,136137,24,1773
411,1/29/2022,562,612452,65,255859,71,238037,1.0,35069,3.0,36757,9.0,14076,51,200819,8.0,14554,3.0,8588,416,136553,9,1782
412,1/30/2022,195,612647,33,255892,42,238079,1.0,35070,1.0,36758,15.0,14091,23,200842,1.0,14555,3.0,8591,121,136674,1,1783
413,1/31/2022,563,613210,134,256026,95,238174,3.0,35073,1.0,36759,15.0,14106,62,200904,9.0,14564,9.0,8600,324,136998,13,1796
414,2/1/2022,570,613780,100,256126,116,238290,1.0,35074,4.0,36763,22.0,14128,81,200985,10.0,14574,3.0,8603,330,137328,24,1820
415,2/2/2022,132,613912,20,256146,36,238326,0.0,35074,1.0,36764,2.0,14130,31,201016,2.0,14576,1.0,8604,77,137405,2,1822
416,2/3/2022,379,614291,77,256223,109,238435,0.0,35074,3.0,36767,23.0,14153,75,201091,6.0,14582,5.0,8609,191,137596,6,1828
417,2/4/2022,650,614941,113,256336,133,238568,7.0,35081,5.0,36772,18.0,14171,105,201196,4.0,14586,6.0,8615,363,137959,43,1871
418,2/5/2022,458,615399,59,256395,99,238667,2.0,35083,0.0,36772,7.0,14178,78,201274,5.0,14591,9.0,8624,280,138239,21,1892
419,2/6/2022,123,615522,20,256415,22,238689,0.0,35083,1.0,36773,1.0,14179,12,201286,6.0,14597,3.0,8627,77,138316,4,1896
420,2/7/2022,364,615886,61,256476,92,238781,1.0,35084,0.0,36773,10.0,14189,71,201357,4.0,14601,7.0,8634,205,138521,8,1904
421,2/8/2022,451,616337,86,256562,103,238884,2.0,35086,3.0,36776,19.0,14208,73,201430,4.0,14605,7.0,8641,231,138752,39,1943
422,2/9/2022,356,616693,61,256623,78,238962,3.0,35089,1.0,36777,16.0,14224,48,201478,2.0,14607,12.0,8653,204,138956,15,1958
423,2/10/2022,385,617078,86,256709,77,239039,2.0,35091,4.0,36781,15.0,14239,49,201527,6.0,14613,7.0,8660,212,139168,9,1967
424,2/11/2022,553,617631,82,256791,150,239189,3.0,35094,1.0,36782,27.0,14266,99,201626,9.0,14622,15.0,8675,293,139461,33,2000
425,2/12/2022,253,617884,40,256831,45,239234,0.0,35094,0.0,36782,5.0,14271,33,201659,5.0,14627,2.0,8677,153,139614,17,2017
426,2/13/2022,80,617964,19,256850,19,239253,0.0,35094,1.0,36783,0.0,14271,13,201672,4.0,14631,2.0,8679,39,139653,5,2022
427,2/14/2022,240,618204,38,256888,45,239298,2.0,35096,2.0,36785,10.0,14281,29,201701,2.0,14633,4.0,8683,149,139802,9,2031
428,2/15/2022,314,618518,48,256936,84,239382,0.0,35096,0.0,36785,15.0,14296,56,201757,6.0,14639,7.0,8690,151,139953,33,2064
429,2/16/2022,230,618748,42,256978,61,239443,3.0,35099,1.0,36786,12.0,14308,41,201798,5.0,14644,3.0,8693,108,140061,22,2086
430,2/17/2022,173,618921,30,257008,41,239484,0.0,35099,0.0,36786,8.0,14316,28,201826,4.0,14648,1.0,8694,91,140152,12,2098
431,2/18/2022,495,619416,105,257113,97,239581,1.0,35100,3.0,36789,14.0,14330,58,201884,14.0,14662,11.0,8705,265,140417,27,2125
432,2/19/2022,216,619632,26,257139,53,239634,0.0,35100,0.0,36789,9.0,14339,36,201920,2.0,14664,6.0,8711,120,140537,18,2143
433,2/20/2022,74,619706,17,257156,16,239650,0.0,35100,0.0,36789,0.0,14339,14,201934,0.0,14664,2.0,8713,37,140574,4,2147
434,2/21/2022,252,619958,56,257212,72,239722,2.0,35102,1.0,36790,17.0,14356,45,201979,5.0,14669,5.0,8718,117,140691,10,2157
435,2/22/2022,270,620228,48,257260,74,239796,5.0,35107,0.0,36790,6.0,14362,56,202035,4.0,14673,8.0,8726,122,140813,29,2186
436,2/23/2022,215,620443,45,257305,41,239837,1.0,35108,0.0,36790,4.0,14366,29,202064,4.0,14677,4.0,8730,117,140930,12,2198
437,2/24/2022,200,620643,30,257335,43,239880,0.0,35108,1.0,36791,8.0,14374,28,202092,1.0,14678,6.0,8736,117,141047,11,2209
438,2/25/2022,317,620960,55,257390,96,239976,2.0,35110,1.0,36792,13.0,14387,63,202155,12.0,14690,8.0,8744,146,141193,22,2231
439,2/26/2022,186,621146,26,257416,40,240016,1.0,35111,1.0,36793,2.0,14389,28,202183,6.0,14696,4.0,8748,107,141300,13,2244
440,2/27/2022,74,621220,16,257432,13,240029,0.0,35111,1.0,36794,0.0,14389,11,202194,1.0,14697,1.0,8749,43,141343,2,2246
441,2/28/2022,178,621398,48,257480,38,240067,0.0,35111,0.0,36794,8.0,14397,19,202213,5.0,14702,6.0,8755,84,141427,8,2254
442,3/1/2022,205,621603,31,257511,46,240113,3.0,35114,2.0,36796,3.0,14400,41,202254,2.0,14704,0.0,8755,104,141531,28,2282
443,3/2/2022,150,621753,27,257538,36,240149,2.0,35116,0.0,36796,4.0,14404,21,202275,6.0,14710,5.0,8760,77,141608,12,2294
444,3/3/2022,177,621930,37,257575,42,240191,3.0,35119,2.0,36798,10.0,14414,27,202302,3.0,14713,2.0,8762,90,141698,9,2303
445,3/4/2022,341,622271,53,257628,72,240263,4.0,35123,5.0,36803,13.0,14427,50,202352,4.0,14717,5.0,8767,179,141877,42,2345
446,3/5/2022,125,622396,23,257651,19,240282,0.0,35123,0.0,36803,4.0,14431,14,202366,1.0,14718,0.0,8767,72,141949,12,2357
447,3/6/2022,75,622471,28,257679,20,240302,0.0,35123,0.0,36803,2.0,14433,15,202381,1.0,14719,2.0,8769,25,141974,2,2359
448,3/7/2022,149,622620,27,257706,26,240328,1.0,35124,0.0,36803,9.0,14442,13,202394,2.0,14721,2.0,8771,87,142061,9,2368
449,3/8/2022,210,622830,32,257738,36,240364,0.0,35124,2.0,36805,5.0,14447,23,202417,3.0,14724,5.0,8776,104,142165,37,2405
450,3/9/2022,97,622927,12,257750,19,240383,2.0,35126,3.0,36808,3.0,14450,15,202432,0.0,14724,1.0,8777,61,142226,6,2411
451,3/10/2022,100,623027,26,257776,25,240408,1.0,35127,0.0,36808,2.0,14452,19,202451,1.0,14725,3.0,8780,47,142273,3,2414
452,3/11/2022,239,623266,39,257815,76,240484,5.0,35132,1.0,36809,15.0,14467,47,202498,8.0,14733,6.0,8786,89,142362,37,2451
453,3/12/2022,124,623390,25,257840,25,240509,1.0,35133,1.0,36810,1.0,14468,21,202519,1.0,14734,2.0,8788,60,142422,13,2464
454,3/13/2022,45,623435,6,257846,8,240517,0.0,35133,0.0,36810,0.0,14468,6,202525,2.0,14736,0.0,8788,30,142452,2,2466
455,3/14/2022,126,623561,14,257860,39,240556,0.0,35133,0.0,36810,7.0,14475,23,202548,8.0,14744,1.0,8789,65,142517,8,2474
456,3/15/2022,162,623723,30,257890,21,240577,0.0,35133,2.0,36812,4.0,14479,11,202559,4.0,14748,2.0,8791,74,142591,39,2513
457,3/16/2022,135,623858,30,257920,29,240606,0.0,35133,1.0,36813,2.0,14481,21,202580,3.0,14751,3.0,8794,68,142659,11,2524
458,3/17/2022,101,623959,20,257940,11,240617,0.0,35133,0.0,36813,1.0,14482,7,202587,2.0,14753,1.0,8795,61,142720,8,2532
459,3/18/2022,263,624222,21,257961,38,240655,1.0,35134,1.0,36814,2.0,14484,28,202615,6.0,14759,2.0,8797,118,142838,86,2618
460,3/19/2022,111,624333,6,257967,17,240672,1.0,35135,0.0,36814,3.0,14487,10,202625,2.0,14761,2.0,8799,58,142896,30,2648
461,3/20/2022,46,624379,5,257972,8,240680,0.0,35135,0.0,36814,,14487,8,202633,0.0,14761,0.0,8799,24,142920,9,2657
462,3/21/2022,111,624490,11,257983,33,240713,0.0,35135,1.0,36815,5.0,14492,16,202649,7.0,14768,5.0,8804,62,142982,7,2664
463,3/22/2022,162,624652,16,257999,20,240733,2.0,35137,2.0,36817,1.0,14493,17,202666,1.0,14769,1.0,8805,63,143045,64,2728
464,3/23/2022,109,624761,7,258006,25,240758,0.0,35137,0.0,36817,4.0,14497,15,202681,4.0,14773,2.0,8807,62,143107,15,2743
465,3/24/2022,115,624876,17,258023,25,240783,0.0,35137,2.0,36819,5.0,14502,18,202699,1.0,14774,1.0,8808,67,143174,7,2750
466,3/25/2022,212,625088,26,258049,34,240817,0.0,35137,1.0,36820,6.0,14508,22,202721,2.0,14776,4.0,8812,105,143279,47,2797
467,3/26/2022,98,625186,6,258055,13,240830,0.0,35137,0.0,36820,0.0,14508,12,202733,1.0,14777,0.0,8812,41,143320,36,2833
468,3/27/2022,31,625217,7,258062,4,240834,0.0,35137,0.0,36820,0.0,14508,3,202736,0.0,14777,1.0,8813,17,143337,3,2836
469,3/28/2022,88,625305,13,258075,15,240849,0.0,35137,0.0,36820,1.0,14509,12,202748,2.0,14779,0.0,8813,49,143386,11,2847
470,3/29/2022,241,625546,18,258093,20,240869,2.0,35139,0.0,36820,1.0,14510,14,202762,0.0,14779,5.0,8818,67,143453,137,2984
471,3/30/2022,374,625920,24,258117,23,240892,4.0,35143,2.0,36822,3.0,14513,17,202779,2.0,14781,1.0,8819,65,143518,261,3245
472,3/31/2022,589,626509,30,258147,41,240933,4.0,35147,1.0,36823,4.0,14517,32,202811,2.0,14783,3.0,8822,90,143608,429,3674
473,4/1/2022,848,627357,35,258182,37,240970,3.0,35150,3.0,36826,4.0,14521,28,202839,2.0,14785,3.0,8825,93,143701,679,4353
474,4/2/2022,647,628004,15,258197,26,240996,4.0,35154,1.0,36827,1.0,14522,22,202861,0.0,14785,3.0,8828,59,143760,547,4900
475,4/3/2022,142,628146,6,258203,5,241001,0.0,35154,1.0,36828,0.0,14522,3,202864,2.0,14787,0.0,8828,18,143778,113,5013
476,4/4/2022,483,628629,18,258221,25,241026,6.0,35160,1.0,36829,2.0,14524,22,202886,1.0,14788,0.0,8828,65,143843,375,5388
477,4/5/2022,860,629489,37,258258,30,241056,2.0,35162,5.0,36834,4.0,14528,23,202909,1.0,14789,2.0,8830,57,143900,736,6124
478,4/6/2022,500,629989,24,258282,31,241087,6.0,35168,5.0,36839,0.0,14528,28,202937,1.0,14790,2.0,8832,45,143945,403,6527
479,4/7/2022,639,630628,30,258312,23,241110,3.0,35171,7.0,36846,2.0,14530,14,202951,3.0,14793,4.0,8836,57,144002,531,7058
480,4/8/2022,1130,631758,47,258359,39,241149,5.0,35176,8.0,36854,5.0,14535,29,202980,3.0,14796,2.0,8838,97,144099,940,7998
481,4/9/2022,676,632434,35,258394,15,241164,4.0,35180,4.0,36858,3.0,14538,9,202989,2.0,14798,1.0,8839,42,144141,582,8580
482,4/10/2022,182,632616,14,258408,5,241169,1.0,35181,1.0,36859,0.0,14538,5,202994,0.0,14798,0.0,8839,33,144174,130,8710
483,4/11/2022,630,633246,21,258429,28,241197,2.0,35183,3.0,36862,3.0,14541,20,203014,2.0,14800,3.0,8842,54,144228,525,9235
484,4/12/2022,852,634098,30,258459,27,241224,9.0,35192,5.0,36867,4.0,14545,20,203034,3.0,14803,0.0,8842,61,144289,732,9967
485,4/13/2022,660,634758,32,258491,23,241247,6.0,35198,6.0,36873,0.0,14545,22,203056,0.0,14803,1.0,8843,62,144351,542,10509
486,4/14/2022,586,635344,26,258517,22,241269,4.0,35202,0.0,36873,4.0,14549,12,203068,2.0,14805,4.0,8847,91,144442,450,10959
487,4/15/2022,919,636263,41,258558,46,241315,6.0,35208,4.0,36877,10.0,14559,32,203100,3.0,14808,1.0,8848,88,144530,742,11701
488,4/16/2022,495,636758,20,258578,17,241332,2.0,35210,0.0,36877,2.0,14561,13,203113,2.0,14810,0.0,8848,37,144567,421,12122
489,4/17/2022,70,636828,8,258586,5,241337,2.0,35212,1.0,36878,0.0,14561,4,203117,0.0,14810,1.0,8849,12,144579,45,12167
490,4/18/2022,561,637389,40,258626,27,241364,9.0,35221,6.0,36884,3.0,14564,22,203139,1.0,14811,1.0,8850,59,144638,435,12602
491,4/19/2022,787,638176,40,258666,31,241395,10.0,35231,9.0,36893,1.0,14565,26,203165,3.0,14814,1.0,8851,80,144718,639,13241
492,4/20/2022,470,638646,21,258687,24,241419,3.0,35234,3.0,36896,6.0,14571,17,203182,1.0,14815,0.0,8851,47,144765,379,13620
493,4/21/2022,456,639102,22,258709,29,241448,8.0,35242,2.0,36898,2.0,14573,24,203206,2.0,14817,1.0,8852,43,144808,365,13985
494,4/22/2022,697,639799,25,258734,37,241485,1.0,35243,3.0,36901,4.0,14577,30,203236,3.0,14820,0.0,8852,66,144874,568,14553
495,4/23/2022,620,640419,20,258754,25,241510,9.0,35252,3.0,36904,1.0,14578,20,203256,2.0,14822,2.0,8854,61,144935,515,15068
496,4/24/2022,109,640528,8,258762,7,241517,0.0,35252,2.0,36906,0.0,14578,6,203262,0.0,14822,1.0,8855,19,144954,75,15143
497,4/25/2022,375,640903,27,258789,14,241531,3.0,35255,4.0,36910,4.0,14582,9,203271,0.0,14822,1.0,8856,42,144996,292,15435
498,4/26/2022,546,641449,24,258813,22,241553,3.0,35258,2.0,36912,3.0,14585,16,203287,0.0,14822,3.0,8859,73,145069,426,15861
499,4/27/2022,470,641919,22,258835,22,241575,8.0,35266,4.0,36916,2.0,14587,14,203301,2.0,14824,4.0,8863,64,145133,361,16222
500,4/28/2022,461,642380,31,258866,27,241602,7.0,35273,4.0,36920,3.0,14590,18,203319,2.0,14826,4.0,8867,41,145174,364,16586
501,4/29/2022,688,643068,18,258884,30,241632,4.0,35277,2.0,36922,6.0,14596,21,203340,1.0,14827,2.0,8869,62,145236,575,17161
502,4/30/2022,388,643456,7,258891,19,241651,1.0,35278,0.0,36922,1.0,14597,18,203358,0.0,14827,0.0,8869,43,145279,319,17480
503,5/1/2022,99,643555,12,258903,12,241663,0.0,35278,2.0,36924,1.0,14598,9,203367,0.0,14827,2.0,8871,16,145295,59,17539
504,5/2/2022,372,643927,19,258922,20,241683,0.0,35278,5.0,36929,2.0,14600,12,203379,4.0,14831,2.0,8873,54,145349,281,17820
505,5/3/2022,651,644578,29,258951,30,241713,5.0,35283,5.0,36934,3.0,14603,25,203404,2.0,14833,0.0,8873,75,145424,520,18340
506,5/4/2022,512,645090,24,258975,27,241740,4.0,35287,5.0,36939,4.0,14607,19,203423,2.0,14835,2.0,8875,64,145488,391,18731
507,5/5/2022,404,645494,19,258994,19,241759,3.0,35290,3.0,36942,2.0,14609,14,203437,2.0,14837,1.0,8876,51,145539,315,19046
508,5/6/2022,618,646112,35,259029,36,241795,3.0,35293,3.0,36945,5.0,14614,28,203465,2.0,14839,1.0,8877,64,145603,480,19526
509,5/7/2022,370,646482,17,259046,22,241817,1.0,35294,1.0,36946,2.0,14616,17,203482,1.0,14840,2.0,8879,41,145644,289,19815
510,5/8/2022,71,646553,4,259050,7,241824,0.0,35294,0.0,36946,0.0,14616,4,203486,1.0,14841,2.0,8881,13,145657,47,19862
511,5/9/2022,397,646950,25,259075,16,241840,3.0,35297,1.0,36947,1.0,14617,11,203497,2.0,14843,2.0,8883,54,145711,301,20163
512,5/10/2022,596,647546,28,259103,33,241873,12.0,35309,4.0,36951,3.0,14620,24,203521,2.0,14845,4.0,8887,82,145793,450,20613
513,5/11/2022,292,647838,27,259130,22,241895,4.0,35313,2.0,36953,6.0,14626,11,203532,3.0,14848,2.0,8889,30,145823,214,20827
514,5/12/2022,329,648167,19,259149,20,241915,3.0,35316,2.0,36955,0.0,14626,18,203550,2.0,14850,0.0,8889,47,145870,242,21069
515,5/13/2022,639,648806,22,259171,38,241953,6.0,35322,3.0,36958,4.0,14630,27,203577,2.0,14852,5.0,8894,84,145954,492,21561
516,5/14/2022,378,649184,15,259186,12,241965,1.0,35323,2.0,36960,1.0,14631,10,203587,1.0,14853,0.0,8894,34,145988,316,21877
517,5/15/2022,121,649305,6,259192,4,241969,0.0,35323,0.0,36960,0.0,14631,4,203591,0.0,14853,0.0,8894,15,146003,95,21972
518,5/16/2022,382,649687,23,259215,23,241992,0.0,35323,1.0,36961,5.0,14636,15,203606,1.0,14854,2.0,8896,67,146070,266,22238
519,5/17/2022,87,649774,6,259221,5,241997,1.0,35324,2.0,36963,0.0,14636,5,203611,0.0,14854,0.0,8896,7,146077,69,22307
