,Date,daily number of doses received by Larimer County residents,total number of doses recevied by residents,daily number of residents receiving first dose,total number of residents receiving first dose,daily number of residents vaccinated,total number of residents vaccinated,daily number of 70+ vaccinated,total number of 70+ vaccinated,daily number of 70+ at least one dose,total number of 70+ at least one dose,daily number of Latinx residents vaccinated,total of Latinx residents vaccinated,daily number of White non-Latinx residents vaccinated,total of White non-Latinx residents vaccinated,daily number of non-White non-Latinx residents vaccinated,total of non-White non-Latinx residents vaccinated,dailyUnknown,totalUnknown,daily_additional_doses,total_additional_doses
0,12/14/2020,32,32,32,32,1,1,0.0,0,1.0,1,0.0,0,1,1,0.0,0,,0,0,0
1,12/15/2020,13,45,13,45,0,1,,0,,1,,0,0,1,0.0,0,,0,0,0
2,12/16/2020,303,348,303,348,0,1,0.0,0,2.0,3,0.0,0,0,1,0.0,0,0.0,0,0,0
3,12/17/2020,990,1338,990,1338,0,1,0.0,0,11.0,14,0.0,0,0,1,0.0,0,0.0,0,0,0
4,12/18/2020,1058,2396,1058,2396,2,3,0.0,0,15.0,29,0.0,0,2,3,0.0,0,0.0,0,0,0
5,12/19/2020,721,3117,721,3117,0,3,0.0,0,14.0,43,0.0,0,0,3,0.0,0,0.0,0,0,0
6,12/20/2020,265,3382,265,3382,0,3,0.0,0,4.0,47,0.0,0,0,3,0.0,0,0.0,0,0,0
7,12/21/2020,354,3736,354,3736,3,6,0.0,0,3.0,50,0.0,0,3,6,0.0,0,0.0,0,0,0
8,12/22/2020,361,4097,361,4097,1,7,0.0,0,7.0,57,0.0,0,1,7,0.0,0,0.0,0,0,0
9,12/23/2020,439,4536,439,4536,0,7,0.0,0,6.0,63,0.0,0,0,7,0.0,0,0.0,0,0,0
10,12/24/2020,107,4643,107,4643,0,7,0.0,0,3.0,66,0.0,0,0,7,0.0,0,0.0,0,0,0
11,12/25/2020,1,4644,1,4644,0,7,,0,,66,,0,0,7,,0,,0,0,0
12,12/26/2020,229,4873,229,4873,1,8,0.0,0,3.0,69,0.0,0,1,8,0.0,0,0.0,0,0,0
13,12/27/2020,278,5151,278,5151,0,8,0.0,0,197.0,266,0.0,0,0,8,0.0,0,,0,0,0
14,12/28/2020,714,5865,714,5865,0,8,0.0,0,386.0,652,0.0,0,0,8,0.0,0,0.0,0,0,0
15,12/29/2020,909,6774,908,6773,1,9,0.0,0,460.0,1112,0.0,0,1,9,0.0,0,0.0,0,0,0
16,12/30/2020,886,7660,886,7659,0,9,0.0,0,274.0,1386,0.0,0,0,9,0.0,0,0.0,0,0,0
17,12/31/2020,893,8553,893,8552,0,9,0.0,0,342.0,1728,0.0,0,0,9,0.0,0,0.0,0,0,0
18,1/1/2021,4,8557,3,8555,1,10,,0,,1728,,0,1,10,,0,,0,0,0
19,1/2/2021,392,8949,392,8947,1,11,0.0,0,141.0,1869,0.0,0,1,11,0.0,0,0.0,0,0,0
20,1/3/2021,124,9073,124,9071,0,11,0.0,0,53.0,1922,0.0,0,0,11,0.0,0,0.0,0,0,0
21,1/4/2021,587,9660,573,9644,13,24,0.0,0,319.0,2241,0.0,0,10,21,2.0,2,1.0,1,0,0
22,1/5/2021,645,10305,636,10280,10,34,0.0,0,410.0,2651,0.0,0,9,30,1.0,3,0.0,1,0,0
23,1/6/2021,1229,11534,911,11191,309,343,4.0,4,514.0,3165,18.0,18,271,301,16.0,19,4.0,5,0,0
24,1/7/2021,1661,13195,703,11894,927,1270,10.0,14,406.0,3571,33.0,51,837,1138,42.0,61,15.0,20,0,0
25,1/8/2021,1995,15190,985,12879,985,2255,11.0,25,480.0,4051,47.0,98,876,2014,43.0,104,19.0,39,1,1
26,1/9/2021,1231,16421,532,13411,681,2936,12.0,37,303.0,4354,16.0,114,617,2631,37.0,141,11.0,50,0,1
27,1/10/2021,702,17123,427,13838,270,3206,4.0,41,262.0,4616,10.0,124,244,2875,13.0,154,3.0,53,1,2
28,1/11/2021,1142,18265,793,14631,346,3552,1.0,42,534.0,5150,10.0,134,314,3189,19.0,173,3.0,56,0,2
29,1/12/2021,1178,19443,881,15512,292,3844,7.0,49,517.0,5667,14.0,148,252,3441,18.0,191,8.0,64,1,3
30,1/13/2021,1075,20518,831,16343,241,4085,1.0,50,373.0,6040,23.0,171,195,3636,15.0,206,8.0,72,0,3
31,1/14/2021,873,21391,838,17181,35,4120,1.0,51,494.0,6534,2.0,173,31,3667,1.0,207,1.0,73,0,3
32,1/15/2021,1223,22614,1209,18390,14,4134,0.0,51,761.0,7295,0.0,173,14,3681,0.0,207,0.0,73,0,3
33,1/16/2021,980,23594,966,19356,14,4148,1.0,52,584.0,7879,0.0,173,13,3694,1.0,208,0.0,73,0,3
34,1/17/2021,53,23647,49,19405,4,4152,0.0,52,17.0,7896,0.0,173,2,3696,2.0,210,0.0,73,0,3
35,1/18/2021,1017,24664,814,20219,200,4352,48.0,100,599.0,8495,8.0,181,174,3870,13.0,223,5.0,78,2,5
36,1/19/2021,1259,25923,1118,21337,139,4491,7.0,107,737.0,9232,7.0,188,118,3988,6.0,229,8.0,86,0,5
37,1/20/2021,1421,27344,1202,22539,216,4707,17.0,124,573.0,9805,14.0,202,176,4164,9.0,238,17.0,103,1,6
38,1/21/2021,2253,29597,2043,24582,208,4915,5.0,129,1585.0,11390,13.0,215,173,4337,15.0,253,7.0,110,0,6
39,1/22/2021,1741,31338,1462,26044,275,5190,91.0,220,1092.0,12482,32.0,247,223,4560,13.0,266,7.0,117,0,6
40,1/23/2021,898,32236,565,26609,321,5511,47.0,267,419.0,12901,9.0,256,292,4852,13.0,279,7.0,124,0,6
41,1/24/2021,392,32628,104,26713,272,5783,193.0,460,61.0,12962,8.0,264,256,5108,8.0,287,,124,0,6
42,1/25/2021,1410,34038,787,27500,591,6374,341.0,801,553.0,13515,14.0,278,552,5660,14.0,301,11.0,135,0,6
43,1/26/2021,1621,35659,694,28194,896,7270,437.0,1238,442.0,13957,30.0,308,823,6483,32.0,333,11.0,146,0,6
44,1/27/2021,1852,37511,779,28973,1052,8322,522.0,1760,340.0,14297,40.0,348,959,7442,44.0,377,9.0,155,0,6
45,1/28/2021,1354,38865,546,29519,793,9115,346.0,2106,298.0,14595,25.0,373,727,8169,28.0,405,13.0,168,2,8
46,1/29/2021,1641,40506,1162,30681,471,9586,153.0,2259,829.0,15424,21.0,394,408,8577,33.0,438,9.0,177,0,8
47,1/30/2021,1227,41733,732,31413,489,10075,212.0,2471,597.0,16021,24.0,418,438,9015,21.0,459,6.0,183,0,8
48,1/31/2021,635,42368,410,31823,224,10299,76.0,2547,363.0,16384,5.0,423,198,9213,15.0,474,6.0,189,1,9
49,2/1/2021,1612,43980,909,32732,685,10984,452.0,2999,657.0,17041,17.0,440,632,9845,26.0,500,10.0,199,1,10
50,2/2/2021,1866,45846,732,33464,1081,12065,703.0,3702,584.0,17625,42.0,482,995,10840,33.0,533,11.0,210,1,11
51,2/3/2021,1268,47114,584,34048,675,12740,316.0,4018,226.0,17851,48.0,530,579,11419,39.0,572,9.0,219,0,11
52,2/4/2021,2535,49649,1794,35842,719,13459,476.0,4494,1551.0,19402,30.0,560,644,12063,36.0,608,9.0,228,1,12
53,2/5/2021,2580,52229,1532,37374,1018,14477,667.0,5161,1306.0,20708,38.0,598,931,12994,31.0,639,18.0,246,2,14
54,2/6/2021,2217,54446,1598,38972,601,15078,431.0,5592,1242.0,21950,6.0,604,572,13566,21.0,660,2.0,248,0,14
55,2/7/2021,229,54675,86,39058,138,15216,91.0,5683,26.0,21976,7.0,611,123,13689,4.0,664,4.0,252,1,15
56,2/8/2021,2477,57152,1594,40652,850,16066,567.0,6250,1138.0,23114,26.0,637,781,14470,27.0,691,16.0,268,0,15
57,2/9/2021,2392,59544,1544,42196,829,16895,503.0,6753,997.0,24111,27.0,664,744,15214,36.0,727,22.0,290,0,15
58,2/10/2021,1585,61129,964,43160,608,17503,313.0,7066,288.0,24399,25.0,689,541,15755,26.0,753,16.0,306,4,19
59,2/11/2021,3531,64660,1998,45158,1493,18996,1023.0,8089,805.0,25204,55.0,744,1361,17116,50.0,803,27.0,333,2,21
60,2/12/2021,3276,67936,1819,46977,1421,20417,934.0,9023,802.0,26006,59.0,803,1307,18423,42.0,845,13.0,346,0,21
61,2/13/2021,3001,70937,2369,49346,616,21033,300.0,9323,676.0,26682,12.0,815,570,18993,22.0,867,12.0,358,1,22
62,2/14/2021,420,71357,347,49693,73,21106,50.0,9373,44.0,26726,2.0,817,66,19059,3.0,870,2.0,360,0,22
63,2/15/2021,2633,73990,2134,51827,480,21586,311.0,9684,257.0,26983,16.0,833,449,19508,12.0,882,3.0,363,0,22
64,2/16/2021,2751,76741,1921,53748,801,22387,474.0,10158,232.0,27215,35.0,868,727,20235,23.0,905,16.0,379,0,22
65,2/17/2021,1636,78377,658,54406,953,23340,461.0,10619,155.0,27370,30.0,898,870,21105,34.0,939,19.0,398,0,22
66,2/18/2021,2643,81020,1680,56086,928,24268,709.0,11328,278.0,27648,36.0,934,856,21961,29.0,968,7.0,405,1,23
67,2/19/2021,2429,83449,1036,57122,1353,25621,995.0,12323,159.0,27807,45.0,979,1250,23211,43.0,1011,15.0,420,3,26
68,2/20/2021,1655,85104,687,57809,945,26566,769.0,13092,134.0,27941,22.0,1001,885,24096,28.0,1039,10.0,430,1,27
69,2/21/2021,111,85215,40,57849,69,26635,38.0,13130,8.0,27949,1.0,1002,66,24162,2.0,1041,0.0,430,0,27
70,2/22/2021,2026,87241,765,58614,1218,27853,894.0,14024,147.0,28096,36.0,1038,1135,25297,37.0,1078,10.0,440,1,28
71,2/23/2021,1221,88462,518,59132,685,28538,457.0,14481,161.0,28257,21.0,1059,616,25913,35.0,1113,13.0,453,0,28
72,2/24/2021,1415,89877,756,59888,646,29184,271.0,14752,137.0,28394,31.0,1090,591,26504,19.0,1132,5.0,458,1,29
73,2/25/2021,3873,93750,2073,61961,1766,30950,1483.0,16235,353.0,28747,46.0,1136,1669,28173,35.0,1167,16.0,474,0,29
74,2/26/2021,3274,97024,1156,63117,2091,33041,1726.0,17961,203.0,28950,33.0,1169,1971,30144,58.0,1225,29.0,503,2,31
75,2/27/2021,3488,100512,1659,64776,1791,34832,1529.0,19490,544.0,29494,36.0,1205,1677,31821,51.0,1276,27.0,530,1,32
76,2/28/2021,429,100941,359,65135,66,34898,41.0,19531,115.0,29609,2.0,1207,60,31881,2.0,1278,2.0,532,0,32
77,3/1/2021,2826,103767,1352,66487,1452,36350,1062.0,20593,300.0,29909,54.0,1261,1341,33222,46.0,1324,11.0,543,5,37
78,3/2/2021,3253,107020,1724,68211,1507,37857,1043.0,21636,384.0,30293,38.0,1299,1398,34620,44.0,1368,27.0,570,0,37
79,3/3/2021,1659,108679,1095,69306,552,38409,169.0,21805,203.0,30496,32.0,1331,493,35113,23.0,1391,4.0,574,0,37
80,3/4/2021,3006,111685,1585,70891,1408,39817,806.0,22611,171.0,30667,42.0,1373,1292,36405,54.0,1445,20.0,594,25,62
81,3/5/2021,3490,115175,2057,72948,1429,41246,807.0,23418,426.0,31093,40.0,1413,1324,37729,42.0,1487,23.0,617,24,86
82,3/6/2021,4121,119296,2338,75286,1959,43205,747.0,24165,267.0,31360,90.0,1503,1762,39491,74.0,1561,33.0,650,582,668
83,3/7/2021,417,119713,306,75592,119,43324,36.0,24201,22.0,31382,1.0,1504,114,39605,2.0,1563,2.0,652,20,688
84,3/8/2021,2823,122536,1057,76649,1747,45071,253.0,24454,75.0,31457,51.0,1555,1611,41216,63.0,1626,22.0,674,124,812
85,3/9/2021,3191,125727,1655,78304,1544,46615,260.0,24714,96.0,31553,51.0,1606,1403,42619,65.0,1691,25.0,699,71,883
86,3/10/2021,2387,128114,1370,79674,1009,47624,292.0,25006,85.0,31638,54.0,1660,908,43527,31.0,1722,16.0,715,63,946
87,3/11/2021,4188,132302,2389,82063,1792,49416,398.0,25404,135.0,31773,63.0,1723,1644,45171,66.0,1788,19.0,734,70,1016
88,3/12/2021,3943,136245,2572,84635,1371,50787,196.0,25600,68.0,31841,65.0,1788,1222,46393,52.0,1840,32.0,766,70,1086
89,3/13/2021,212,136457,128,84763,98,50885,21.0,25621,6.0,31847,1.0,1789,91,46484,4.0,1844,2.0,768,31,1117
90,3/14/2021,100,136557,61,84824,38,50923,8.0,25629,0.0,31847,1.0,1790,36,46520,1.0,1845,,768,2,1119
91,3/15/2021,902,137459,362,85186,531,51454,83.0,25712,15.0,31862,20.0,1810,487,47007,17.0,1862,7.0,775,18,1137
92,3/16/2021,3289,140748,2115,87301,1160,52614,227.0,25939,46.0,31908,65.0,1875,1033,48040,42.0,1904,20.0,795,29,1166
93,3/17/2021,2918,143666,1789,89090,1121,53735,237.0,26176,88.0,31996,39.0,1914,1027,49067,36.0,1940,19.0,814,33,1199
94,3/18/2021,4011,147677,2094,91184,1904,55639,337.0,26513,91.0,32087,96.0,2010,1723,50790,64.0,2004,21.0,835,22,1221
95,3/19/2021,3001,150678,1754,92938,1236,56875,222.0,26735,42.0,32129,61.0,2071,1112,51902,44.0,2048,19.0,854,15,1236
96,3/20/2021,3079,153757,1962,94900,1108,57983,314.0,27049,53.0,32182,36.0,2107,996,52898,55.0,2103,21.0,875,36,1272
97,3/21/2021,664,154421,399,95299,263,58246,26.0,27075,5.0,32187,10.0,2117,234,53132,16.0,2119,3.0,878,18,1290
98,3/22/2021,3109,157530,2240,97539,855,59101,186.0,27261,56.0,32243,19.0,2136,786,53918,37.0,2156,13.0,891,24,1314
99,3/23/2021,4450,161980,3574,101113,1149,60250,192.0,27453,75.0,32318,38.0,2174,1022,54940,51.0,2207,38.0,929,504,1818
100,3/24/2021,3169,165149,2431,103544,745,60995,118.0,27571,37.0,32355,41.0,2215,664,55604,26.0,2233,14.0,943,40,1858
101,3/25/2021,5067,170216,3051,106595,1998,62993,311.0,27882,71.0,32426,66.0,2281,1829,57433,70.0,2303,33.0,976,15,1873
102,3/26/2021,4589,174805,2723,109318,1851,64844,327.0,28209,66.0,32492,120.0,2401,1585,59018,114.0,2417,32.0,1008,31,1904
103,3/27/2021,3342,178147,1914,111232,1411,66255,324.0,28533,21.0,32513,49.0,2450,1295,60313,47.0,2464,20.0,1028,4,1908
104,3/28/2021,1171,179318,810,112042,357,66612,93.0,28626,16.0,32529,12.0,2462,328,60641,15.0,2479,2.0,1030,4,1912
105,3/29/2021,3991,183309,2693,114735,1275,67887,225.0,28851,53.0,32582,39.0,2501,1195,61836,28.0,2507,13.0,1043,11,1923
106,3/30/2021,4362,187671,2747,117482,1627,69514,237.0,29088,74.0,32656,53.0,2554,1488,63324,68.0,2575,18.0,1061,43,1966
107,3/31/2021,3597,191268,2580,120062,1041,70555,164.0,29252,48.0,32704,41.0,2595,929,64253,50.0,2625,21.0,1082,34,2000
108,4/1/2021,5120,196388,3337,123399,1771,72326,148.0,29400,77.0,32781,71.0,2666,1621,65874,60.0,2685,19.0,1101,37,2037
109,4/2/2021,4711,201099,2527,125926,2160,74486,243.0,29643,50.0,32831,82.0,2748,1959,67833,91.0,2776,28.0,1129,30,2067
110,4/3/2021,4275,205374,3537,129463,765,75251,95.0,29738,41.0,32872,35.0,2783,681,68514,29.0,2805,20.0,1149,72,2139
111,4/4/2021,375,205749,260,129723,133,75384,6.0,29744,7.0,32879,3.0,2786,116,68630,11.0,2816,3.0,1152,34,2173
112,4/5/2021,4695,210444,3770,133493,941,76325,75.0,29819,47.0,32926,69.0,2855,805,69435,48.0,2864,19.0,1171,94,2267
113,4/6/2021,5168,215612,3034,136527,2298,78623,85.0,29904,58.0,32984,80.0,2935,2038,71473,125.0,2989,55.0,1226,275,2542
114,4/7/2021,4981,220593,3694,140221,2128,80751,59.0,29963,109.0,33093,118.0,3053,1803,73276,135.0,3124,72.0,1298,1195,3737
115,4/8/2021,6694,227287,4513,144734,2830,83581,134.0,30097,122.0,33215,135.0,3188,2485,75761,137.0,3261,73.0,1371,951,4688
116,4/9/2021,5729,233016,3273,148007,3192,86773,77.0,30174,71.0,33286,161.0,3349,2758,78519,181.0,3442,92.0,1463,834,5522
117,4/10/2021,4433,237449,3168,151175,1723,88496,50.0,30224,71.0,33357,97.0,3446,1457,79976,116.0,3558,53.0,1516,521,6043
118,4/11/2021,1038,238487,796,151971,286,88782,6.0,30230,11.0,33368,12.0,3458,239,80215,24.0,3582,11.0,1527,58,6101
119,4/12/2021,5043,243530,3644,155615,1982,90764,76.0,30306,96.0,33464,76.0,3534,1718,81933,130.0,3712,58.0,1585,531,6632
120,4/13/2021,5040,248570,3564,159179,1487,92251,55.0,30361,77.0,33541,69.0,3603,1295,83228,98.0,3810,25.0,1610,22,6654
121,4/14/2021,2961,251531,1441,160620,1510,93761,85.0,30446,26.0,33567,92.0,3695,1315,84543,71.0,3881,32.0,1642,2,6656
122,4/15/2021,4945,256476,2319,162939,2603,96364,102.0,30548,60.0,33627,217.0,3912,2163,86706,161.0,4042,62.0,1704,3,6659
123,4/16/2021,3917,260393,2081,165020,1813,98177,44.0,30592,35.0,33662,66.0,3978,1585,88291,127.0,4169,35.0,1739,4,6663
124,4/17/2021,4589,264982,2402,167422,2162,100339,37.0,30629,56.0,33718,101.0,4079,1880,90171,132.0,4301,49.0,1788,4,6667
125,4/18/2021,1040,266022,408,167830,623,100962,12.0,30641,11.0,33729,42.0,4121,518,90689,33.0,4334,30.0,1818,3,6670
126,4/19/2021,3856,269878,1409,169239,2417,103379,44.0,30685,40.0,33769,166.0,4287,2033,92722,162.0,4496,56.0,1874,6,6676
127,4/20/2021,4702,274580,1868,171107,2812,106191,47.0,30732,69.0,33838,159.0,4446,2395,95117,194.0,4690,64.0,1938,4,6680
128,4/21/2021,3185,277765,716,171823,2453,108644,35.0,30767,31.0,33869,147.0,4593,2063,97180,165.0,4855,78.0,2016,6,6686
129,4/22/2021,4654,282419,1770,173593,2868,111512,46.0,30813,61.0,33930,141.0,4734,2463,99643,195.0,5050,69.0,2085,2,6688
130,4/23/2021,3595,286014,1181,174774,2391,113903,41.0,30854,30.0,33960,74.0,4808,2108,101751,127.0,5177,82.0,2167,5,6693
131,4/24/2021,3358,289372,1118,175892,2233,116136,14.0,30868,20.0,33980,106.0,4914,1893,103644,193.0,5370,41.0,2208,4,6697
132,4/25/2021,796,290168,342,176234,453,116589,6.0,30874,6.0,33986,105.0,5019,270,103914,39.0,5409,39.0,2247,1,6698
133,4/26/2021,4361,294529,1112,177346,3237,119826,36.0,30910,30.0,34016,150.0,5169,2782,106696,214.0,5623,91.0,2338,4,6702
134,4/27/2021,3342,297871,1191,178537,2143,121969,36.0,30946,37.0,34053,79.0,5248,1889,108585,134.0,5757,41.0,2379,11,6713
135,4/28/2021,2999,300870,714,179251,2282,124251,45.0,30991,20.0,34073,169.0,5417,1850,110435,198.0,5955,65.0,2444,13,6726
136,4/29/2021,3969,304839,825,180076,3136,127387,68.0,31059,33.0,34106,227.0,5644,2577,113012,227.0,6182,105.0,2549,7,6733
137,4/30/2021,2879,307718,645,180721,2231,129618,44.0,31103,24.0,34130,74.0,5718,1894,114906,199.0,6381,64.0,2613,13,6746
138,5/1/2021,3658,311376,818,181539,2821,132439,35.0,31138,18.0,34148,282.0,6000,2199,117105,202.0,6583,138.0,2751,16,6762
139,5/2/2021,536,311912,235,181774,312,132751,7.0,31145,2.0,34150,13.0,6013,250,117355,39.0,6622,10.0,2761,10,6772
140,5/3/2021,3431,315343,637,182411,2789,135540,46.0,31191,34.0,34184,108.0,6121,2391,119746,215.0,6837,75.0,2836,14,6786
141,5/4/2021,4356,319699,699,183110,3674,139214,67.0,31258,27.0,34211,146.0,6267,3156,122902,259.0,7096,113.0,2949,30,6816
142,5/5/2021,2232,321931,477,183587,1789,141003,63.0,31321,24.0,34235,86.0,6353,1480,124382,144.0,7240,79.0,3028,14,6830
143,5/6/2021,3689,325620,822,184409,2982,143985,100.0,31421,40.0,34275,179.0,6532,2470,126852,197.0,7437,136.0,3164,46,6876
144,5/7/2021,2939,328559,542,184951,2482,146467,43.0,31464,11.0,34286,134.0,6666,2039,128891,211.0,7648,98.0,3262,42,6918
145,5/8/2021,2991,331550,555,185506,2535,149002,44.0,31508,16.0,34302,164.0,6830,2045,130936,195.0,7843,131.0,3393,51,6969
146,5/9/2021,367,331917,139,185645,240,149242,4.0,31512,2.0,34304,10.0,6840,201,131137,20.0,7863,9.0,3402,3,6972
147,5/10/2021,2441,334358,382,186027,2089,151331,58.0,31570,16.0,34320,89.0,6929,1695,132832,206.0,8069,99.0,3501,26,6998
148,5/11/2021,2725,337083,543,186570,2221,153552,91.0,31661,24.0,34344,190.0,7119,1732,134564,202.0,8271,97.0,3598,17,7015
149,5/12/2021,1232,338315,461,187031,822,154374,23.0,31684,14.0,34358,50.0,7169,651,135215,86.0,8357,35.0,3633,23,7038
150,5/13/2021,3254,341569,1030,188061,2235,156609,83.0,31767,25.0,34383,149.0,7318,1824,137039,158.0,8515,104.0,3737,18,7056
151,5/14/2021,2475,344044,1284,189345,1288,157897,51.0,31818,31.0,34414,64.0,7382,1073,138112,98.0,8613,53.0,3790,34,7090
152,5/15/2021,3024,347068,1512,190857,1592,159489,40.0,31858,15.0,34429,115.0,7497,1263,139375,140.0,8753,74.0,3864,29,7119
153,5/16/2021,944,348012,571,191428,406,159895,9.0,31867,7.0,34436,84.0,7581,252,139627,30.0,8783,40.0,3904,10,7129
154,5/17/2021,2440,350452,1210,192638,1301,161196,37.0,31904,27.0,34463,50.0,7631,1089,140716,104.0,8887,58.0,3962,21,7150
155,5/18/2021,2581,353033,1173,193811,1440,162636,44.0,31948,22.0,34485,71.0,7702,1212,141928,84.0,8971,73.0,4035,17,7167
156,5/19/2021,1879,354912,1153,194964,788,163424,24.0,31972,20.0,34505,42.0,7744,639,142567,69.0,9040,38.0,4073,17,7184
157,5/20/2021,1986,356898,930,195894,1095,164519,45.0,32017,27.0,34532,94.0,7838,872,143439,80.0,9120,49.0,4122,18,7202
158,5/21/2021,1637,358535,925,196819,789,165308,18.0,32035,15.0,34547,43.0,7881,627,144066,61.0,9181,58.0,4180,29,7231
159,5/22/2021,1690,360225,794,197613,925,166233,9.0,32044,13.0,34560,123.0,8004,645,144711,74.0,9255,83.0,4263,18,7249
160,5/23/2021,682,360907,342,197955,369,166602,2.0,32046,5.0,34565,68.0,8072,229,144940,18.0,9273,54.0,4317,3,7252
161,5/24/2021,1340,362247,539,198494,848,167450,36.0,32082,20.0,34585,43.0,8115,681,145621,83.0,9356,41.0,4358,22,7274
162,5/25/2021,1233,363480,510,199004,754,168204,22.0,32104,20.0,34605,57.0,8172,566,146187,66.0,9422,65.0,4423,19,7293
163,5/26/2021,963,364443,549,199553,520,168724,17.0,32121,25.0,34630,38.0,8210,411,146598,44.0,9466,27.0,4450,30,7323
164,5/27/2021,1287,365730,666,200219,683,169407,32.0,32153,20.0,34650,54.0,8264,552,147150,48.0,9514,29.0,4479,22,7345
165,5/28/2021,1035,366765,599,200818,479,169886,18.0,32171,22.0,34672,29.0,8293,373,147523,51.0,9565,26.0,4505,19,7364
166,5/29/2021,1018,367783,492,201310,561,170447,17.0,32188,8.0,34680,32.0,8325,443,147966,42.0,9607,44.0,4549,14,7378
167,5/30/2021,334,368117,220,201530,145,170592,5.0,32193,3.0,34683,13.0,8338,105,148071,17.0,9624,10.0,4559,9,7387
168,5/31/2021,338,368455,192,201722,169,170761,8.0,32201,6.0,34689,8.0,8346,137,148208,12.0,9636,12.0,4571,12,7399
169,6/1/2021,976,369431,401,202123,604,171365,27.0,32228,17.0,34706,49.0,8395,463,148671,46.0,9682,46.0,4617,25,7424
170,6/2/2021,720,370151,370,202493,403,171768,16.0,32244,8.0,34714,34.0,8429,319,148990,23.0,9705,27.0,4644,11,7435
171,6/3/2021,1312,371463,521,203014,837,172605,22.0,32266,12.0,34726,50.0,8479,690,149680,57.0,9762,40.0,4684,16,7451
172,6/4/2021,1505,372968,401,203415,1143,173748,16.0,32282,9.0,34735,72.0,8551,958,150638,66.0,9828,47.0,4731,6,7457
173,6/5/2021,1419,374387,359,203774,1087,174835,12.0,32294,6.0,34741,64.0,8615,888,151526,95.0,9923,40.0,4771,9,7466
174,6/6/2021,536,374923,144,203918,401,175236,5.0,32299,3.0,34744,45.0,8660,319,151845,26.0,9949,11.0,4782,11,7477
175,6/7/2021,1196,376119,337,204255,900,176136,14.0,32313,12.0,34756,68.0,8728,718,152563,82.0,10031,32.0,4814,20,7497
176,6/8/2021,1089,377208,252,204507,860,176996,18.0,32331,5.0,34761,58.0,8786,699,153262,70.0,10101,33.0,4847,6,7503
177,6/9/2021,1080,378288,284,204791,842,177838,16.0,32347,12.0,34773,78.0,8864,644,153906,73.0,10174,47.0,4894,12,7515
178,6/10/2021,1317,379605,339,205130,1015,178853,20.0,32367,4.0,34777,93.0,8957,801,154707,67.0,10241,54.0,4948,10,7525
179,6/11/2021,1113,380718,322,205452,830,179683,20.0,32387,13.0,34790,58.0,9015,650,155357,78.0,10319,44.0,4992,9,7534
180,6/12/2021,1047,381765,289,205741,798,180481,15.0,32402,9.0,34799,72.0,9087,617,155974,66.0,10385,43.0,5035,10,7544
181,6/13/2021,372,382137,98,205839,285,180766,4.0,32406,1.0,34800,36.0,9123,204,156178,25.0,10410,20.0,5055,6,7550
182,6/14/2021,839,382976,286,206125,599,181365,15.0,32421,4.0,34804,46.0,9169,454,156632,43.0,10453,56.0,5111,6,7556
183,6/15/2021,701,383677,241,206366,480,181845,20.0,32441,10.0,34814,42.0,9211,387,157019,34.0,10487,17.0,5128,3,7559
184,6/16/2021,631,384308,205,206571,450,182295,12.0,32453,4.0,34818,38.0,9249,343,157362,33.0,10520,36.0,5164,11,7570
185,6/17/2021,700,385008,256,206827,467,182762,13.0,32466,10.0,34828,42.0,9291,347,157709,49.0,10569,29.0,5193,5,7575
186,6/18/2021,1041,386049,381,207208,689,183451,22.0,32488,11.0,34839,54.0,9345,554,158263,52.0,10621,29.0,5222,8,7583
187,6/19/2021,638,386687,152,207360,500,183951,10.0,32498,6.0,34845,52.0,9397,368,158631,54.0,10675,26.0,5248,11,7594
188,6/20/2021,297,386984,112,207472,191,184142,3.0,32501,2.0,34847,36.0,9433,118,158749,15.0,10690,22.0,5270,5,7599
189,6/21/2021,518,387502,215,207687,330,184472,5.0,32506,8.0,34855,28.0,9461,243,158992,36.0,10726,23.0,5293,8,7607
190,6/22/2021,615,388117,253,207940,392,184864,12.0,32518,7.0,34862,31.0,9492,308,159300,26.0,10752,27.0,5320,5,7612
191,6/23/2021,509,388626,184,208124,351,185215,7.0,32525,10.0,34872,38.0,9530,253,159553,37.0,10789,23.0,5343,12,7624
192,6/24/2021,530,389156,213,208337,339,185554,13.0,32538,9.0,34881,30.0,9560,263,159816,24.0,10813,22.0,5365,3,7627
193,6/25/2021,689,389845,273,208610,438,185992,12.0,32550,8.0,34889,42.0,9602,327,160143,42.0,10855,27.0,5392,5,7632
194,6/26/2021,599,390444,166,208776,442,186434,9.0,32559,9.0,34898,77.0,9679,290,160433,44.0,10899,31.0,5423,4,7636
195,6/27/2021,183,390627,70,208846,113,186547,2.0,32561,3.0,34901,9.0,9688,82,160515,12.0,10911,10.0,5433,3,7639
196,6/28/2021,490,391117,208,209054,289,186836,7.0,32568,6.0,34907,40.0,9728,206,160721,25.0,10936,18.0,5451,2,7641
197,6/29/2021,560,391677,253,209307,327,187163,15.0,32583,11.0,34918,41.0,9769,239,160960,22.0,10958,25.0,5476,12,7653
198,6/30/2021,413,392090,205,209512,223,187386,8.0,32591,11.0,34929,19.0,9788,168,161128,16.0,10974,20.0,5496,11,7664
199,7/1/2021,491,392581,212,209724,296,187682,8.0,32599,7.0,34936,21.0,9809,222,161350,33.0,11007,20.0,5516,5,7669
200,7/2/2021,571,393152,274,209998,306,187988,5.0,32604,7.0,34943,27.0,9836,240,161590,24.0,11031,15.0,5531,3,7672
201,7/3/2021,305,393457,119,210117,191,188179,4.0,32608,3.0,34946,27.0,9863,126,161716,20.0,11051,18.0,5549,7,7679
202,7/4/2021,54,393511,19,210136,35,188214,1.0,32609,0.0,34946,4.0,9867,22,161738,1.0,11052,8.0,5557,0,7679
203,7/5/2021,317,393828,140,210276,177,188391,3.0,32612,1.0,34947,18.0,9885,121,161859,28.0,11080,10.0,5567,4,7683
204,7/6/2021,461,394289,194,210470,276,188667,4.0,32616,5.0,34952,45.0,9930,197,162056,20.0,11100,14.0,5581,1,7684
205,7/7/2021,379,394668,211,210681,182,188849,7.0,32623,6.0,34958,23.0,9953,131,162187,13.0,11113,15.0,5596,5,7689
206,7/8/2021,430,395098,202,210883,247,189096,8.0,32631,8.0,34966,25.0,9978,175,162362,23.0,11136,24.0,5620,4,7693
207,7/9/2021,482,395580,193,211076,295,189391,9.0,32640,2.0,34968,38.0,10016,215,162577,25.0,11161,17.0,5637,6,7699
208,7/10/2021,261,395841,149,211225,128,189519,5.0,32645,2.0,34970,5.0,10021,106,162683,10.0,11171,7.0,5644,2,7701
209,7/11/2021,223,396064,119,211344,122,189641,6.0,32651,6.0,34976,11.0,10032,89,162772,10.0,11181,12.0,5656,7,7708
210,7/12/2021,388,396452,204,211548,196,189837,7.0,32658,4.0,34980,25.0,10057,131,162903,23.0,11204,17.0,5673,5,7713
211,7/13/2021,436,396888,224,211772,226,190063,16.0,32674,10.0,34990,26.0,10083,177,163080,12.0,11216,11.0,5684,4,7717
212,7/14/2021,287,397175,153,211925,154,190217,8.0,32682,5.0,34995,20.0,10103,110,163190,9.0,11225,15.0,5699,9,7726
213,7/15/2021,364,397539,190,212115,184,190401,1.0,32683,4.0,34999,15.0,10118,138,163328,14.0,11239,17.0,5716,3,7729
214,7/16/2021,510,398049,246,212361,276,190677,8.0,32691,9.0,35008,24.0,10142,210,163538,22.0,11261,20.0,5736,4,7733
215,7/17/2021,275,398324,158,212519,127,190804,11.0,32702,5.0,35013,11.0,10153,96,163634,9.0,11270,11.0,5747,7,7740
216,7/18/2021,197,398521,120,212639,89,190893,4.0,32706,3.0,35016,13.0,10166,63,163697,6.0,11276,7.0,5754,4,7744
217,7/19/2021,407,398928,208,212847,205,191098,8.0,32714,8.0,35024,25.0,10191,150,163847,17.0,11293,13.0,5767,4,7748
218,7/20/2021,419,399347,210,213057,216,191314,6.0,32720,8.0,35032,12.0,10203,167,164014,23.0,11316,14.0,5781,5,7753
219,7/21/2021,337,399684,185,213242,171,191485,12.0,32732,14.0,35046,12.0,10215,128,164142,14.0,11330,17.0,5798,4,7757
220,7/22/2021,397,400081,233,213475,171,191656,6.0,32738,18.0,35064,19.0,10234,124,164266,18.0,11348,10.0,5808,6,7763
221,7/23/2021,550,400631,317,213792,237,191893,6.0,32744,10.0,35074,37.0,10271,162,164428,20.0,11368,18.0,5826,3,7766
222,7/24/2021,351,400982,214,214006,156,192049,8.0,32752,10.0,35084,19.0,10290,114,164542,9.0,11377,14.0,5840,5,7771
223,7/25/2021,192,401174,140,214146,61,192110,0.0,32752,4.0,35088,7.0,10297,43,164585,5.0,11382,6.0,5846,5,7776
224,7/26/2021,350,401524,203,214349,145,192255,1.0,32753,6.0,35094,11.0,10308,99,164684,18.0,11400,17.0,5863,4,7780
225,7/27/2021,429,401953,237,214586,178,192433,5.0,32758,16.0,35110,21.0,10329,125,164809,19.0,11419,13.0,5876,16,7796
226,7/28/2021,466,402419,283,214869,220,192653,3.0,32761,10.0,35120,29.0,10358,142,164951,17.0,11436,32.0,5908,5,7801
227,7/29/2021,512,402931,308,215177,232,192885,8.0,32769,6.0,35126,24.0,10382,176,165127,14.0,11450,18.0,5926,10,7811
228,7/30/2021,691,403622,478,215655,247,193132,10.0,32779,14.0,35140,26.0,10408,187,165314,16.0,11466,18.0,5944,6,7817
229,7/31/2021,334,403956,201,215856,137,193269,4.0,32783,1.0,35141,16.0,10424,107,165421,9.0,11475,5.0,5949,5,7822
230,8/1/2021,271,404227,173,216029,105,193374,0.0,32783,2.0,35143,15.0,10439,66,165487,8.0,11483,16.0,5965,9,7831
231,8/2/2021,452,404679,302,216331,176,193550,5.0,32788,14.0,35157,22.0,10461,120,165607,20.0,11503,14.0,5979,6,7837
232,8/3/2021,564,405243,346,216677,242,193792,6.0,32794,14.0,35171,40.0,10501,159,165766,15.0,11518,28.0,6007,5,7842
233,8/4/2021,393,405636,275,216952,139,193931,3.0,32797,14.0,35185,10.0,10511,106,165872,4.0,11522,19.0,6026,10,7852
234,8/5/2021,443,406079,287,217239,166,194097,5.0,32802,11.0,35196,19.0,10530,122,165994,15.0,11537,10.0,6036,5,7857
235,8/6/2021,683,406762,462,217701,266,194363,13.0,32815,16.0,35212,21.0,10551,201,166195,24.0,11561,20.0,6056,4,7861
236,8/7/2021,442,407204,309,218010,156,194519,4.0,32819,10.0,35222,12.0,10563,123,166318,5.0,11566,16.0,6072,6,7867
237,8/8/2021,217,407421,125,218135,99,194618,3.0,32822,5.0,35227,8.0,10571,72,166390,7.0,11573,12.0,6084,5,7872
238,8/9/2021,464,407885,279,218414,215,194833,4.0,32826,6.0,35233,22.0,10593,160,166550,11.0,11584,22.0,6106,6,7878
239,8/10/2021,501,408386,298,218712,229,195062,6.0,32832,14.0,35247,24.0,10617,182,166732,11.0,11595,12.0,6118,7,7885
240,8/11/2021,418,408804,261,218973,178,195240,11.0,32843,5.0,35252,18.0,10635,134,166866,13.0,11608,13.0,6131,2,7887
241,8/12/2021,541,409345,320,219293,258,195498,7.0,32850,15.0,35267,31.0,10666,183,167049,22.0,11630,22.0,6153,7,7894
242,8/13/2021,657,410002,378,219671,298,195796,11.0,32861,10.0,35277,30.0,10696,218,167267,19.0,11649,31.0,6184,4,7898
243,8/14/2021,509,410511,262,219933,251,196047,7.0,32868,10.0,35287,12.0,10708,213,167480,9.0,11658,17.0,6201,40,7938
244,8/15/2021,266,410777,131,220064,123,196170,2.0,32870,3.0,35290,11.0,10719,89,167569,6.0,11664,17.0,6218,14,7952
245,8/16/2021,538,411315,309,220373,173,196343,5.0,32875,11.0,35301,15.0,10734,133,167702,13.0,11677,12.0,6230,63,8015
246,8/17/2021,486,411801,230,220603,194,196537,18.0,32893,10.0,35311,17.0,10751,146,167848,10.0,11687,21.0,6251,61,8076
247,8/18/2021,596,412397,326,220929,257,196794,5.0,32898,15.0,35326,30.0,10781,174,168022,13.0,11700,40.0,6291,61,8137
248,8/19/2021,566,412963,277,221206,256,197050,7.0,32905,9.0,35335,21.0,10802,206,168228,17.0,11717,12.0,6303,63,8200
249,8/20/2021,846,413809,343,221549,452,197502,14.0,32919,10.0,35345,44.0,10846,359,168587,29.0,11746,20.0,6323,71,8271
250,8/21/2021,649,414458,214,221763,211,197713,4.0,32923,7.0,35352,15.0,10861,172,168759,13.0,11759,11.0,6334,157,8428
251,8/22/2021,312,414770,150,221913,139,197852,1.0,32924,2.0,35354,19.0,10880,97,168856,9.0,11768,14.0,6348,27,8455
252,8/23/2021,531,415301,263,222176,222,198074,11.0,32935,10.0,35364,19.0,10899,169,169025,12.0,11780,22.0,6370,50,8505
253,8/24/2021,571,415872,275,222451,273,198347,10.0,32945,8.0,35372,27.0,10926,215,169240,14.0,11794,17.0,6387,45,8550
254,8/25/2021,603,416475,328,222779,255,198602,12.0,32957,13.0,35385,19.0,10945,194,169434,9.0,11803,33.0,6420,47,8597
255,8/26/2021,534,417009,260,223039,251,198853,9.0,32966,14.0,35399,18.0,10963,193,169627,23.0,11826,17.0,6437,39,8636
256,8/27/2021,890,417899,355,223394,404,199257,15.0,32981,11.0,35410,38.0,11001,298,169925,24.0,11850,44.0,6481,135,8771
257,8/28/2021,1463,419362,201,223595,251,199508,7.0,32988,5.0,35415,23.0,11024,188,170113,13.0,11863,27.0,6508,942,9713
258,8/29/2021,1082,420444,163,223758,137,199645,4.0,32992,5.0,35420,8.0,11032,112,170225,12.0,11875,5.0,6513,738,10451
259,8/30/2021,614,421058,269,224027,279,199924,8.0,33000,13.0,35433,24.0,11056,214,170439,9.0,11884,32.0,6545,82,10533
260,8/31/2021,808,421866,232,224259,234,200158,7.0,33007,12.0,35445,20.0,11076,184,170623,17.0,11901,13.0,6558,327,10860
261,9/1/2021,960,422708,260,224397,223,187846,12.0,26506,20.0,35256,21.0,10861,169,158975,13.0,11475,20.0,6535,279,10258
262,9/2/2021,824,423532,187,224584,206,188052,15.0,26521,15.0,35271,18.0,10879,153,159128,17.0,11492,18.0,6553,269,10527
263,9/3/2021,851,424383,337,224921,372,188424,14.0,26535,11.0,35282,44.0,10923,272,159400,21.0,11513,35.0,6588,106,10633
264,9/4/2021,380,424763,164,225085,175,188599,6.0,26541,8.0,35290,14.0,10937,138,159538,11.0,11524,12.0,6600,34,10667
265,9/5/2021,248,425011,131,225216,106,188705,2.0,26543,4.0,35294,13.0,10950,76,159614,8.0,11532,9.0,6609,13,10680
266,9/6/2021,112,425123,46,225262,60,188765,1.0,26544,0.0,35294,4.0,10954,44,159658,8.0,11540,4.0,6613,6,10686
267,9/7/2021,950,426073,201,225463,279,189044,19.0,26563,15.0,35309,23.0,10977,215,159873,17.0,11557,24.0,6637,272,10958
268,9/8/2021,789,426862,220,225683,227,189271,11.0,26574,12.0,35321,24.0,11001,170,160043,11.0,11568,22.0,6659,265,11223
269,9/9/2021,400,427262,176,225859,191,189462,10.0,26584,8.0,35329,21.0,11022,141,160184,14.0,11582,15.0,6674,36,11259
270,9/10/2021,768,428030,346,226205,319,189781,9.0,26593,24.0,35353,29.0,11051,241,160425,20.0,11602,29.0,6703,110,11369
271,9/11/2021,1629,429659,165,226370,211,189992,12.0,26605,23.0,35376,17.0,11068,162,160587,16.0,11618,16.0,6719,855,12224
272,9/12/2021,231,429890,101,226471,112,190104,0.0,26605,2.0,35378,11.0,11079,73,160660,9.0,11627,19.0,6738,11,12235
273,9/13/2021,497,430387,219,226690,250,190354,10.0,26615,8.0,35386,24.0,11103,189,160849,12.0,11639,25.0,6763,32,12267
274,9/14/2021,847,431234,208,226898,275,190629,13.0,26628,16.0,35402,17.0,11120,222,161071,14.0,11653,22.0,6785,272,12539
275,9/15/2021,835,432069,191,227089,277,190906,18.0,26646,14.0,35416,21.0,11141,205,161276,18.0,11671,33.0,6818,280,12819
276,9/16/2021,366,432435,137,227226,198,191104,9.0,26655,8.0,35424,32.0,11173,143,161419,12.0,11683,11.0,6829,32,12851
277,9/17/2021,746,433181,286,227512,384,191488,14.0,26669,13.0,35437,29.0,11202,289,161708,38.0,11721,28.0,6857,89,12940
278,9/18/2021,1816,434997,138,227650,177,191665,9.0,26678,27.0,35464,10.0,11212,133,161841,16.0,11737,18.0,6875,859,13799
279,9/19/2021,188,435185,79,227729,107,191772,3.0,26681,2.0,35466,7.0,11219,83,161924,5.0,11742,12.0,6887,9,13808
280,9/20/2021,385,435570,145,227874,216,191988,9.0,26690,9.0,35475,27.0,11246,160,162084,10.0,11752,19.0,6906,40,13848
281,9/21/2021,772,436342,171,228045,205,192193,11.0,26701,16.0,35491,22.0,11268,157,162241,10.0,11762,16.0,6922,257,14105
282,9/22/2021,723,437065,167,228212,237,192430,6.0,26707,15.0,35506,15.0,11283,190,162431,16.0,11778,16.0,6938,235,14340
283,9/23/2021,347,437412,143,228355,176,192606,7.0,26714,3.0,35509,9.0,11292,130,162561,14.0,11792,23.0,6961,25,14365
284,9/24/2021,689,438101,208,228563,278,192884,17.0,26731,18.0,35527,20.0,11312,219,162780,12.0,11804,27.0,6988,134,14499
285,9/25/2021,1723,439824,136,228699,181,193065,14.0,26745,24.0,35551,15.0,11327,142,162922,12.0,11816,12.0,7000,869,15368
286,9/26/2021,261,440085,68,228767,89,193154,3.0,26748,3.0,35554,11.0,11338,67,162989,4.0,11820,7.0,7007,62,15430
287,9/27/2021,569,440654,160,228927,124,193278,7.0,26755,14.0,35568,7.0,11345,97,163086,7.0,11827,13.0,7020,189,15619
288,9/28/2021,1124,441778,162,229089,203,193481,19.0,26774,25.0,35593,15.0,11360,154,163240,9.0,11836,25.0,7045,516,16135
289,9/29/2021,1118,442896,176,229265,171,193652,12.0,26786,19.0,35612,15.0,11375,130,163370,7.0,11843,19.0,7064,523,16658
290,9/30/2021,711,443607,163,229428,170,193822,15.0,26801,7.0,35619,11.0,11386,129,163499,12.0,11855,18.0,7082,286,16944
291,10/1/2021,1087,444694,181,229609,313,194135,20.0,26821,16.0,35635,24.0,11410,245,163744,22.0,11877,22.0,7104,462,17406
292,10/2/2021,1805,446499,122,229731,119,194254,15.0,26836,15.0,35650,9.0,11419,99,163843,6.0,11883,5.0,7109,1103,18509
293,10/3/2021,390,446889,67,229798,113,194367,1.0,26837,3.0,35653,19.0,11438,76,163919,7.0,11890,11.0,7120,170,18679
294,10/4/2021,804,447693,119,229917,159,194526,7.0,26844,17.0,35670,27.0,11465,103,164022,16.0,11906,13.0,7133,400,19079
295,10/5/2021,1121,448814,142,230059,138,194664,11.0,26855,20.0,35690,13.0,11478,103,164125,9.0,11915,13.0,7146,608,19687
296,10/6/2021,1002,449816,114,230173,154,194818,7.0,26862,18.0,35708,11.0,11489,123,164248,5.0,11920,15.0,7161,596,20283
297,10/7/2021,797,450613,138,230311,111,194929,8.0,26870,17.0,35725,8.0,11497,87,164335,6.0,11926,10.0,7171,467,20750
298,10/8/2021,1035,451648,165,230476,242,195171,19.0,26889,12.0,35737,21.0,11518,188,164523,11.0,11937,22.0,7193,527,21277
299,10/9/2021,1678,453326,110,230586,132,195303,11.0,26900,6.0,35743,22.0,11540,98,164621,4.0,11941,8.0,7201,1134,22411
300,10/10/2021,247,453573,53,230639,66,195369,2.0,26902,3.0,35746,4.0,11544,52,164673,5.0,11946,5.0,7206,105,22516
301,10/11/2021,820,454393,119,230758,136,195505,17.0,26919,19.0,35765,3.0,11547,111,164784,10.0,11956,12.0,7218,464,22980
302,10/12/2021,1020,455413,119,230877,134,195639,8.0,26927,17.0,35782,17.0,11564,105,164889,4.0,11960,8.0,7226,591,23571
303,10/13/2021,972,456385,122,230999,154,195793,18.0,26945,10.0,35792,16.0,11580,116,165005,13.0,11973,9.0,7235,574,24145
304,10/14/2021,710,457095,99,231098,130,195923,14.0,26959,9.0,35801,19.0,11599,98,165103,8.0,11981,5.0,7240,425,24570
305,10/15/2021,1029,458124,180,231278,216,196139,12.0,26971,9.0,35810,15.0,11614,171,165274,12.0,11993,18.0,7258,525,25095
306,10/16/2021,803,458927,67,231345,82,196221,4.0,26975,3.0,35813,6.0,11620,71,165345,2.0,11995,3.0,7261,564,25659
307,10/17/2021,195,459122,48,231393,63,196284,1.0,26976,2.0,35815,4.0,11624,47,165392,3.0,11998,9.0,7270,69,25728
308,10/18/2021,655,459777,119,231512,132,196416,10.0,26986,3.0,35818,13.0,11637,103,165495,7.0,12005,9.0,7279,381,26109
309,10/19/2021,1052,460829,127,231639,134,196550,5.0,26991,13.0,35831,8.0,11645,108,165603,8.0,12013,10.0,7289,617,26726
310,10/20/2021,892,461721,122,231761,120,196670,7.0,26998,13.0,35844,8.0,11653,90,165693,7.0,12020,15.0,7304,574,27300
311,10/21/2021,537,462258,110,231871,128,196798,9.0,27007,8.0,35852,13.0,11666,85,165778,12.0,12032,18.0,7322,279,27579
312,10/22/2021,1478,463736,203,232074,210,197008,7.0,27014,18.0,35870,18.0,11684,153,165931,13.0,12045,26.0,7348,859,28438
313,10/23/2021,1865,465601,95,232169,175,197183,13.0,27027,17.0,35887,3.0,11687,153,166084,9.0,12054,10.0,7358,1222,29660
314,10/24/2021,586,466187,84,232253,135,197318,7.0,27034,10.0,35897,12.0,11699,111,166195,7.0,12061,5.0,7363,290,29950
315,10/25/2021,1397,467584,143,232396,283,197601,26.0,27060,21.0,35918,10.0,11709,239,166434,21.0,12082,13.0,7376,727,30677
316,10/26/2021,2140,469724,186,232582,280,197881,14.0,27074,22.0,35940,19.0,11728,231,166665,16.0,12098,14.0,7390,1300,31977
317,10/27/2021,1973,471697,154,232736,247,198128,16.0,27090,20.0,35960,7.0,11735,217,166882,14.0,12112,9.0,7399,1239,33216
318,10/28/2021,1778,473475,142,232878,249,198377,10.0,27100,23.0,35983,8.0,11743,210,167092,17.0,12129,14.0,7413,1161,34377
319,10/29/2021,1726,475201,188,233066,273,198650,10.0,27110,17.0,36000,13.0,11756,233,167325,11.0,12140,16.0,7429,1045,35422
320,10/30/2021,1582,476783,84,233150,148,198798,11.0,27121,10.0,36010,7.0,11763,125,167450,9.0,12149,7.0,7436,1124,36546
321,10/31/2021,459,477242,49,233199,71,198869,1.0,27122,7.0,36017,7.0,11770,59,167509,3.0,12152,2.0,7438,271,36817
322,11/1/2021,1254,478496,145,233344,205,199074,10.0,27132,11.0,36028,9.0,11779,167,167676,11.0,12163,18.0,7456,723,37540
323,11/2/2021,1832,480328,138,233482,202,199276,8.0,27140,22.0,36050,14.0,11793,162,167838,14.0,12177,12.0,7468,1229,38769
324,11/3/2021,1744,482072,158,233640,218,199494,9.0,27149,18.0,36068,14.0,11807,169,168007,15.0,12192,20.0,7488,1155,39924
325,11/4/2021,1404,483476,147,233787,183,199677,6.0,27155,16.0,36084,2.0,11809,158,168165,12.0,12204,11.0,7499,921,40845
326,11/5/2021,2028,485504,225,234012,287,199964,14.0,27169,11.0,36095,18.0,11827,242,168407,13.0,12217,14.0,7513,1328,42173
327,11/6/2021,1581,487085,219,234231,138,200102,3.0,27172,10.0,36105,6.0,11833,112,168519,14.0,12231,6.0,7519,1092,43265
328,11/7/2021,530,487615,125,234356,79,200181,1.0,27173,10.0,36115,5.0,11838,65,168584,3.0,12234,6.0,7525,277,43542
329,11/8/2021,1530,489145,391,234747,191,200372,6.0,27179,11.0,36126,11.0,11849,158,168742,8.0,12242,14.0,7539,850,44392
330,11/9/2021,2651,491796,952,235699,222,200594,11.0,27190,23.0,36149,15.0,11864,163,168905,17.0,12259,27.0,7566,1323,45715
331,11/10/2021,2506,494302,821,236520,224,200818,12.0,27202,15.0,36164,12.0,11876,177,169082,22.0,12281,13.0,7579,1325,47040
332,11/11/2021,2345,496647,966,237486,182,201000,17.0,27219,8.0,36172,13.0,11889,148,169230,13.0,12294,8.0,7587,1125,48165
333,11/12/2021,2575,499222,760,238246,237,201237,13.0,27232,20.0,36192,24.0,11913,187,169417,14.0,12308,12.0,7599,1454,49619
334,11/13/2021,1933,501155,406,238652,142,201379,3.0,27235,10.0,36202,7.0,11920,106,169523,15.0,12323,14.0,7613,1304,50923
335,11/14/2021,1492,502647,915,239567,109,201488,2.0,27237,2.0,36204,10.0,11930,74,169597,14.0,12337,11.0,7624,432,51355
336,11/15/2021,1972,504619,450,240017,189,201677,6.0,27243,11.0,36215,11.0,11941,151,169748,11.0,12348,16.0,7640,1241,52596
337,11/16/2021,2423,507042,453,240470,196,201873,5.0,27248,21.0,36236,22.0,11963,147,169895,15.0,12363,12.0,7652,1647,54243
338,11/17/2021,2736,509778,641,241111,271,202144,13.0,27261,19.0,36255,14.0,11977,223,170118,20.0,12383,14.0,7666,1735,55978
339,11/18/2021,1905,511683,377,241488,175,202319,7.0,27268,10.0,36265,14.0,11991,141,170259,15.0,12398,5.0,7671,1281,57259
340,11/19/2021,2583,514266,719,242207,283,202602,13.0,27281,16.0,36281,11.0,12002,232,170491,22.0,12420,18.0,7689,1522,58781
341,11/20/2021,1895,516161,540,242747,116,202718,6.0,27287,5.0,36286,8.0,12010,98,170589,5.0,12425,5.0,7694,1163,59944
342,11/21/2021,655,516816,124,242871,84,202802,0.0,27287,1.0,36287,3.0,12013,67,170656,8.0,12433,6.0,7700,419,60363
343,11/22/2021,1997,518813,428,243299,207,203009,10.0,27297,20.0,36307,10.0,12023,167,170823,12.0,12445,18.0,7718,1307,61670
344,11/23/2021,1862,520675,285,243584,180,203189,8.0,27305,15.0,36322,14.0,12037,145,170968,14.0,12459,7.0,7725,1316,62986
345,11/24/2021,1539,522214,221,243805,163,203352,6.0,27311,11.0,36333,13.0,12050,132,171100,12.0,12471,6.0,7731,1111,64097
346,11/25/2021,46,522260,9,243814,2,203354,0.0,27311,0.0,36333,0.0,12050,1,171101,1.0,12472,,7731,32,64129
347,11/26/2021,1275,523535,193,244007,206,203560,2.0,27313,4.0,36337,16.0,12066,165,171266,13.0,12485,12.0,7743,852,64981
348,11/27/2021,965,524500,134,244141,154,203714,2.0,27315,2.0,36339,9.0,12075,130,171396,8.0,12493,7.0,7750,657,65638
349,11/28/2021,550,525050,94,244235,108,203822,2.0,27317,2.0,36341,9.0,12084,87,171483,5.0,12498,7.0,7757,333,65971
350,11/29/2021,1881,526931,273,244508,415,204237,8.0,27325,14.0,36355,29.0,12113,346,171829,26.0,12524,14.0,7771,1161,67132
351,11/30/2021,2701,529632,340,244848,802,205039,7.0,27332,13.0,36368,51.0,12164,678,172507,61.0,12585,12.0,7783,1514,68646
352,12/1/2021,2483,532115,268,245116,756,205795,13.0,27345,11.0,36379,31.0,12195,663,173170,56.0,12641,6.0,7789,1403,70049
353,12/2/2021,2856,534971,362,245478,926,206721,11.0,27356,15.0,36394,69.0,12264,753,173923,75.0,12716,29.0,7818,1550,71599
354,12/3/2021,2615,537586,282,245760,758,207479,12.0,27368,5.0,36399,61.0,12325,602,174525,72.0,12788,23.0,7841,1544,73143
355,12/4/2021,2202,539788,160,245920,415,207894,4.0,27372,1.0,36400,24.0,12349,323,174848,36.0,12824,32.0,7873,1581,74724
356,12/5/2021,1390,541178,98,246018,848,208742,1.0,27373,0.0,36400,68.0,12417,673,175521,72.0,12896,35.0,7908,443,75167
357,12/6/2021,1953,543131,241,246259,474,209216,7.0,27380,6.0,36406,53.0,12470,371,175892,33.0,12929,17.0,7925,1209,76376
358,12/7/2021,2476,545607,303,246562,464,209680,9.0,27389,8.0,36414,47.0,12517,370,176262,31.0,12960,16.0,7941,1684,78060
359,12/8/2021,2256,547863,273,246835,520,210200,9.0,27398,13.0,36427,33.0,12550,436,176698,38.0,12998,13.0,7954,1435,79495
360,12/9/2021,2184,550047,306,247141,464,210664,6.0,27404,8.0,36435,27.0,12577,359,177057,44.0,13042,34.0,7988,1398,80893
361,12/10/2021,2100,552147,233,247374,401,211065,8.0,27412,8.0,36443,38.0,12615,309,177366,32.0,13074,22.0,8010,1454,82347
362,12/11/2021,1799,553946,136,247510,504,211569,6.0,27418,1.0,36444,62.0,12677,375,177741,42.0,13116,25.0,8035,1147,83494
363,12/12/2021,426,554372,55,247565,89,211658,1.0,27419,3.0,36447,4.0,12681,72,177813,7.0,13123,6.0,8041,281,83775
364,12/13/2021,1763,556135,295,247860,405,212063,9.0,27428,8.0,36455,28.0,12709,326,178139,37.0,13160,14.0,8055,1061,84836
365,12/14/2021,2211,558346,274,248134,365,212428,7.0,27435,4.0,36459,32.0,12741,299,178438,17.0,13177,17.0,8072,1574,86410
366,12/15/2021,1761,560107,203,248337,234,212662,4.0,27439,4.0,36463,10.0,12751,190,178628,19.0,13196,15.0,8087,1326,87736
367,12/16/2021,1833,561940,325,248662,256,212918,6.0,27445,8.0,36471,20.0,12771,210,178838,15.0,13211,11.0,8098,1258,88994
368,12/17/2021,2134,564074,307,248969,445,213363,6.0,27451,10.0,36481,28.0,12799,365,179203,41.0,13252,11.0,8109,1376,90370
369,12/18/2021,1819,565893,176,249145,245,213608,4.0,27455,4.0,36485,18.0,12817,209,179412,10.0,13262,8.0,8117,1382,91752
370,12/19/2021,441,566334,42,249187,80,213688,1.0,27456,3.0,36488,5.0,12822,67,179479,4.0,13266,4.0,8121,314,92066
371,12/20/2021,1587,567921,200,249387,253,213941,10.0,27466,9.0,36497,28.0,12850,197,179676,17.0,13283,11.0,8132,1132,93198
372,12/21/2021,2214,570135,311,249698,292,214233,10.0,27476,9.0,36506,28.0,12878,225,179901,25.0,13308,14.0,8146,1603,94801
373,12/22/2021,1911,572046,222,249920,295,214528,5.0,27481,9.0,36515,28.0,12906,233,180134,25.0,13333,9.0,8155,1388,96189
374,12/23/2021,1257,573303,217,250137,210,214738,5.0,27486,3.0,36518,22.0,12928,157,180291,17.0,13350,14.0,8169,835,97024
375,12/24/2021,322,573625,45,250182,60,214798,2.0,27488,2.0,36520,4.0,12932,51,180342,4.0,13354,1.0,8170,218,97242
376,12/25/2021,15,573640,4,250186,2,214800,0.0,27488,0.0,36520,,12932,1,180343,1.0,13355,,8170,9,97251
377,12/26/2021,361,574001,59,250245,70,214870,1.0,27489,0.0,36520,8.0,12940,54,180397,5.0,13360,3.0,8173,233,97484
378,12/27/2021,1293,575294,183,250428,228,215098,3.0,27492,5.0,36525,18.0,12958,180,180577,21.0,13381,9.0,8182,884,98368
379,12/28/2021,1931,577225,275,250703,302,215400,12.0,27504,12.0,36537,35.0,12993,232,180809,17.0,13398,18.0,8200,1351,99719
380,12/29/2021,1720,578945,211,250914,256,215656,5.0,27509,7.0,36544,30.0,13023,193,181002,22.0,13420,11.0,8211,1259,100978
381,12/30/2021,1397,580342,225,251139,248,215904,7.0,27516,9.0,36553,27.0,13050,192,181194,16.0,13436,13.0,8224,931,101909
382,12/31/2021,512,580854,95,251234,91,215995,0.0,27516,2.0,36555,7.0,13057,74,181268,5.0,13441,5.0,8229,328,102237
383,1/1/2022,92,580946,11,251245,16,216011,1.0,27517,0.0,36555,0.0,13057,13,181281,2.0,13443,1.0,8230,65,102302
384,1/2/2022,320,581266,46,251291,58,216069,1.0,27518,1.0,36556,7.0,13064,40,181321,8.0,13451,3.0,8233,217,102519
385,1/3/2022,1617,582883,327,251618,351,216420,4.0,27522,5.0,36561,34.0,13098,286,181607,21.0,13472,10.0,8243,948,103467
386,1/4/2022,1695,584578,262,251880,283,216703,11.0,27533,7.0,36568,30.0,13128,224,181831,18.0,13490,11.0,8254,1160,104627
387,1/5/2022,1338,585916,204,252084,197,216900,6.0,27539,8.0,36576,13.0,13141,161,181992,9.0,13499,14.0,8268,950,105577
388,1/6/2022,1242,587158,255,252339,237,217137,4.0,27543,4.0,36580,29.0,13170,173,182165,14.0,13513,21.0,8289,756,106333
389,1/7/2022,2065,589223,251,252590,343,217480,7.0,27550,8.0,36588,35.0,13205,266,182431,30.0,13543,12.0,8301,1482,107815
390,1/8/2022,1586,590809,125,252715,128,217608,0.0,27550,3.0,36591,7.0,13212,106,182537,7.0,13550,8.0,8309,1337,109152
391,1/9/2022,504,591313,91,252806,75,217683,0.0,27550,2.0,36593,14.0,13226,52,182589,3.0,13553,6.0,8315,339,109491
392,1/10/2022,1572,592885,292,253098,254,217937,4.0,27554,6.0,36599,22.0,13248,195,182784,28.0,13581,9.0,8324,1036,110527
393,1/11/2022,1578,594463,226,253324,275,218212,3.0,27557,4.0,36603,32.0,13280,209,182993,15.0,13596,19.0,8343,1090,111617
394,1/12/2022,1404,595867,177,253501,186,218398,6.0,27563,5.0,36608,26.0,13306,131,183124,20.0,13616,9.0,8352,1055,112672
395,1/13/2022,1108,596975,197,253698,174,218572,2.0,27565,2.0,36610,13.0,13319,129,183253,18.0,13634,14.0,8366,743,113415
396,1/14/2022,1637,598612,274,253972,215,218787,2.0,27567,9.0,36619,24.0,13343,158,183411,20.0,13654,13.0,8379,1165,114580
397,1/15/2022,1220,599832,139,254111,99,218886,1.0,27568,3.0,36622,10.0,13353,77,183488,10.0,13664,2.0,8381,983,115563
398,1/16/2022,291,600123,46,254157,36,218922,1.0,27569,0.0,36622,1.0,13354,31,183519,4.0,13668,0.0,8381,209,115772
399,1/17/2022,799,600922,161,254318,135,219057,5.0,27574,5.0,36627,14.0,13368,109,183628,9.0,13677,3.0,8384,505,116277
400,1/18/2022,888,601810,157,254475,164,219221,2.0,27576,5.0,36632,26.0,13394,124,183752,7.0,13684,7.0,8391,574,116851
401,1/19/2022,763,602573,125,254600,134,219355,3.0,27579,7.0,36639,11.0,13405,98,183850,13.0,13697,12.0,8403,515,117366
402,1/20/2022,838,603411,151,254751,155,219510,0.0,27579,11.0,36650,17.0,13422,117,183967,10.0,13707,11.0,8414,539,117905
403,1/21/2022,1226,604637,178,254929,177,219687,7.0,27586,2.0,36652,16.0,13438,139,184106,11.0,13718,11.0,8425,878,118783
404,1/22/2022,818,605455,93,255022,105,219792,0.0,27586,1.0,36653,15.0,13453,74,184180,7.0,13725,9.0,8434,620,119403
405,1/23/2022,235,605690,29,255051,56,219848,1.0,27587,0.0,36653,7.0,13460,42,184222,7.0,13732,0.0,8434,151,119554
406,1/24/2022,538,606228,84,255135,117,219965,1.0,27588,1.0,36654,15.0,13475,86,184308,9.0,13741,7.0,8441,339,119893
407,1/25/2022,670,606898,117,255252,147,220112,3.0,27591,2.0,36656,14.0,13489,104,184412,22.0,13763,7.0,8448,407,120300
408,1/26/2022,652,607550,104,255356,140,220252,7.0,27598,3.0,36659,13.0,13502,106,184518,13.0,13776,8.0,8456,417,120717
409,1/27/2022,624,608174,116,255472,175,220427,5.0,27603,1.0,36660,30.0,13532,129,184647,10.0,13786,6.0,8462,339,121056
410,1/28/2022,976,609150,162,255634,169,220596,6.0,27609,6.0,36666,19.0,13551,118,184765,16.0,13802,16.0,8478,648,121704
411,1/29/2022,564,609714,67,255701,90,220686,1.0,27610,4.0,36670,10.0,13561,67,184832,9.0,13811,4.0,8482,407,122111
412,1/30/2022,195,609909,33,255734,47,220733,1.0,27611,1.0,36671,15.0,13576,28,184860,1.0,13812,3.0,8485,117,122228
413,1/31/2022,562,610471,134,255868,123,220856,4.0,27615,1.0,36672,17.0,13593,83,184943,13.0,13825,10.0,8495,306,122534
414,2/1/2022,559,611030,99,255967,141,220997,1.0,27616,4.0,36676,22.0,13615,101,185044,12.0,13837,6.0,8501,321,122855
415,2/2/2022,131,611161,20,255987,46,221043,0.0,27616,1.0,36677,2.0,13617,41,185085,2.0,13839,1.0,8502,67,122922
416,2/3/2022,378,611539,77,256064,122,221165,1.0,27617,3.0,36680,24.0,13641,87,185172,6.0,13845,5.0,8507,184,123106
417,2/4/2022,651,612190,114,256178,150,221315,7.0,27624,5.0,36685,18.0,13659,117,185289,9.0,13854,6.0,8513,391,123497
418,2/5/2022,460,612650,59,256237,113,221428,2.0,27626,0.0,36685,7.0,13666,91,185380,6.0,13860,9.0,8522,290,123787
419,2/6/2022,123,612773,20,256257,33,221461,0.0,27626,1.0,36686,1.0,13667,23,185403,6.0,13866,3.0,8525,71,123858
420,2/7/2022,363,613136,61,256318,111,221572,1.0,27627,0.0,36686,12.0,13679,87,185490,5.0,13871,7.0,8532,193,124051
421,2/8/2022,449,613585,86,256404,119,221691,1.0,27628,3.0,36689,19.0,13698,87,185577,5.0,13876,8.0,8540,254,124305
422,2/9/2022,356,613941,61,256465,97,221788,3.0,27631,1.0,36690,18.0,13716,65,185642,2.0,13878,12.0,8552,200,124505
423,2/10/2022,385,614326,86,256551,93,221881,2.0,27633,4.0,36694,15.0,13731,61,185703,8.0,13886,9.0,8561,208,124713
424,2/11/2022,551,614877,82,256633,169,222050,5.0,27638,1.0,36695,29.0,13760,114,185817,10.0,13896,16.0,8577,305,125018
425,2/12/2022,253,615130,40,256673,52,222102,0.0,27638,0.0,36695,5.0,13765,40,185857,5.0,13901,2.0,8579,162,125180
426,2/13/2022,80,615210,20,256693,19,222121,0.0,27638,1.0,36696,0.0,13765,13,185870,4.0,13905,2.0,8581,43,125223
427,2/14/2022,239,615449,38,256731,55,222176,4.0,27642,2.0,36698,10.0,13775,39,185909,2.0,13907,4.0,8585,148,125371
428,2/15/2022,311,615760,47,256778,93,222269,0.0,27642,0.0,36698,16.0,13791,63,185972,7.0,13914,7.0,8592,174,125545
429,2/16/2022,231,615991,42,256820,65,222334,3.0,27645,1.0,36699,12.0,13803,45,186017,5.0,13919,3.0,8595,127,125672
430,2/17/2022,171,616162,31,256851,47,222381,1.0,27646,1.0,36700,8.0,13811,34,186051,4.0,13923,1.0,8596,96,125768
431,2/18/2022,495,616657,105,256956,112,222493,3.0,27649,3.0,36703,14.0,13825,67,186118,20.0,13943,11.0,8607,278,126046
432,2/19/2022,216,616873,26,256982,61,222554,0.0,27649,0.0,36703,12.0,13837,41,186159,2.0,13945,6.0,8613,131,126177
433,2/20/2022,74,616947,17,256999,17,222571,0.0,27649,0.0,36703,0.0,13837,15,186174,0.0,13945,2.0,8615,41,126218
434,2/21/2022,251,617198,55,257054,77,222648,2.0,27651,1.0,36704,18.0,13855,49,186223,5.0,13950,5.0,8620,124,126342
435,2/22/2022,268,617466,47,257101,87,222735,5.0,27656,0.0,36704,7.0,13862,68,186291,4.0,13954,8.0,8628,139,126481
436,2/23/2022,214,617680,45,257146,48,222783,1.0,27657,0.0,36704,4.0,13866,34,186325,6.0,13960,4.0,8632,121,126602
437,2/24/2022,200,617880,30,257176,50,222833,0.0,27657,1.0,36705,8.0,13874,33,186358,2.0,13962,7.0,8639,122,126724
438,2/25/2022,316,618196,55,257231,102,222935,2.0,27659,1.0,36706,13.0,13887,68,186426,13.0,13975,8.0,8647,162,126886
439,2/26/2022,187,618383,26,257257,49,222984,2.0,27661,1.0,36707,2.0,13889,36,186462,6.0,13981,5.0,8652,113,126999
440,2/27/2022,74,618457,16,257273,21,223005,0.0,27661,1.0,36708,2.0,13891,15,186477,3.0,13984,1.0,8653,37,127036
441,2/28/2022,176,618633,48,257321,43,223048,0.0,27661,0.0,36708,8.0,13899,23,186500,5.0,13989,7.0,8660,86,127122
442,3/1/2022,203,618836,32,257353,54,223102,3.0,27664,2.0,36710,3.0,13902,49,186549,2.0,13991,0.0,8660,122,127244
443,3/2/2022,151,618987,27,257380,39,223141,2.0,27666,0.0,36710,4.0,13906,23,186572,7.0,13998,5.0,8665,87,127331
444,3/3/2022,176,619163,37,257417,45,223186,4.0,27670,2.0,36712,10.0,13916,29,186601,3.0,14001,3.0,8668,95,127426
445,3/4/2022,341,619504,53,257470,79,223265,4.0,27674,5.0,36717,16.0,13932,53,186654,4.0,14005,6.0,8674,214,127640
446,3/5/2022,125,619629,23,257493,22,223287,0.0,27674,0.0,36717,4.0,13936,17,186671,1.0,14006,0.0,8674,80,127720
447,3/6/2022,75,619704,28,257521,25,223312,0.0,27674,0.0,36717,4.0,13940,16,186687,2.0,14008,3.0,8677,22,127742
448,3/7/2022,148,619852,27,257548,31,223343,1.0,27675,0.0,36717,9.0,13949,16,186703,2.0,14010,4.0,8681,90,127832
449,3/8/2022,208,620060,32,257580,41,223384,0.0,27675,2.0,36719,5.0,13954,28,186731,3.0,14013,5.0,8686,135,127967
450,3/9/2022,95,620155,12,257592,23,223407,2.0,27677,3.0,36722,3.0,13957,18,186749,1.0,14014,1.0,8687,62,128029
451,3/10/2022,99,620254,28,257620,24,223431,1.0,27678,0.0,36722,1.0,13958,20,186769,1.0,14015,2.0,8689,48,128077
452,3/11/2022,237,620491,39,257659,83,223514,5.0,27683,1.0,36723,15.0,13973,53,186822,9.0,14024,6.0,8695,118,128195
453,3/12/2022,124,620615,25,257684,28,223542,1.0,27684,1.0,36724,1.0,13974,24,186846,1.0,14025,2.0,8697,72,128267
454,3/13/2022,45,620660,6,257690,12,223554,0.0,27684,0.0,36724,0.0,13974,10,186856,2.0,14027,0.0,8697,28,128295
455,3/14/2022,126,620786,14,257704,45,223599,1.0,27685,0.0,36724,7.0,13981,29,186885,8.0,14035,1.0,8698,67,128362
456,3/15/2022,161,620947,29,257733,25,223624,1.0,27686,2.0,36726,5.0,13986,13,186898,5.0,14040,2.0,8700,110,128472
457,3/16/2022,134,621081,30,257763,38,223662,1.0,27687,1.0,36727,4.0,13990,26,186924,4.0,14044,4.0,8704,69,128541
458,3/17/2022,98,621179,20,257783,17,223679,0.0,27687,0.0,36727,2.0,13992,12,186936,2.0,14046,1.0,8705,61,128602
459,3/18/2022,262,621441,20,257803,49,223728,3.0,27690,1.0,36728,3.0,13995,37,186973,7.0,14053,2.0,8707,194,128796
460,3/19/2022,109,621550,6,257809,18,223746,2.0,27692,0.0,36728,3.0,13998,10,186983,3.0,14056,2.0,8709,85,128881
461,3/20/2022,46,621596,5,257814,9,223755,0.0,27692,0.0,36728,,13998,9,186992,0.0,14056,0.0,8709,32,128913
462,3/21/2022,111,621707,10,257824,33,223788,0.0,27692,1.0,36729,5.0,14003,17,187009,6.0,14062,5.0,8714,69,128982
463,3/22/2022,159,621866,16,257840,23,223811,2.0,27694,2.0,36731,1.0,14004,19,187028,1.0,14063,2.0,8716,121,129103
464,3/23/2022,109,621975,7,257847,32,223843,0.0,27694,0.0,36731,4.0,14008,22,187050,4.0,14067,2.0,8718,70,129173
465,3/24/2022,109,622084,17,257864,27,223870,1.0,27695,2.0,36733,6.0,14014,19,187069,1.0,14068,1.0,8719,66,129239
466,3/25/2022,213,622297,27,257891,38,223908,0.0,27695,1.0,36734,6.0,14020,26,187095,2.0,14070,4.0,8723,152,129391
467,3/26/2022,98,622395,6,257897,13,223921,0.0,27695,0.0,36734,0.0,14020,12,187107,1.0,14071,0.0,8723,79,129470
468,3/27/2022,30,622425,7,257904,5,223926,1.0,27696,0.0,36734,0.0,14020,4,187111,0.0,14071,1.0,8724,18,129488
469,3/28/2022,88,622513,13,257917,20,223946,0.0,27696,0.0,36734,1.0,14021,14,187125,5.0,14076,0.0,8724,55,129543
470,3/29/2022,229,622742,17,257934,21,223967,3.0,27699,1.0,36735,1.0,14022,15,187140,1.0,14077,4.0,8728,193,129736
471,3/30/2022,355,623097,23,257957,29,223996,6.0,27705,1.0,36736,3.0,14025,22,187162,3.0,14080,1.0,8729,306,130042
472,3/31/2022,575,623672,30,257987,47,224043,4.0,27709,1.0,36737,4.0,14029,38,187200,2.0,14082,3.0,8732,501,130543
473,4/1/2022,845,624517,43,258030,47,224090,8.0,27717,7.0,36744,5.0,14034,36,187236,2.0,14084,4.0,8736,768,131311
474,4/2/2022,645,625162,16,258046,30,224120,3.0,27720,1.0,36745,1.0,14035,26,187262,0.0,14084,3.0,8739,602,131913
475,4/3/2022,137,625299,6,258052,6,224126,0.0,27720,1.0,36746,0.0,14035,3,187265,3.0,14087,0.0,8739,125,132038
476,4/4/2022,470,625769,19,258071,32,224158,7.0,27727,1.0,36747,2.0,14037,29,187294,1.0,14088,0.0,8739,423,132461
477,4/5/2022,855,626624,37,258108,42,224200,3.0,27730,5.0,36752,4.0,14041,32,187326,3.0,14091,3.0,8742,781,133242
478,4/6/2022,496,627120,27,258135,36,224236,6.0,27736,6.0,36758,1.0,14042,31,187357,2.0,14093,2.0,8744,441,133683
479,4/7/2022,632,627752,30,258165,29,224265,4.0,27740,8.0,36766,5.0,14047,16,187373,4.0,14097,4.0,8748,578,134261
480,4/8/2022,1120,628872,51,258216,49,224314,6.0,27746,9.0,36775,6.0,14053,36,187409,5.0,14102,2.0,8750,1026,135287
481,4/9/2022,674,629546,36,258252,20,224334,5.0,27751,5.0,36780,3.0,14056,14,187423,2.0,14104,1.0,8751,623,135910
482,4/10/2022,183,629729,14,258266,7,224341,1.0,27752,1.0,36781,0.0,14056,7,187430,0.0,14104,0.0,8751,162,136072
483,4/11/2022,622,630351,22,258288,30,224371,4.0,27756,4.0,36785,3.0,14059,22,187452,2.0,14106,3.0,8754,573,136645
484,4/12/2022,849,631200,30,258318,34,224405,10.0,27766,5.0,36790,4.0,14063,26,187478,4.0,14110,0.0,8754,786,137431
485,4/13/2022,656,631856,35,258353,29,224434,6.0,27772,6.0,36796,0.0,14063,26,187504,2.0,14112,1.0,8755,600,138031
486,4/14/2022,578,632434,26,258379,28,224462,5.0,27777,1.0,36797,4.0,14067,17,187521,3.0,14115,4.0,8759,533,138564
487,4/15/2022,916,633350,41,258420,54,224516,6.0,27783,4.0,36801,11.0,14078,39,187560,3.0,14118,1.0,8760,824,139388
488,4/16/2022,487,633837,21,258441,19,224535,3.0,27786,1.0,36802,2.0,14080,14,187574,2.0,14120,1.0,8761,449,139837
489,4/17/2022,68,633905,8,258449,5,224540,2.0,27788,1.0,36803,0.0,14080,4,187578,0.0,14120,1.0,8762,55,139892
490,4/18/2022,538,634443,39,258488,29,224569,10.0,27798,7.0,36810,3.0,14083,24,187602,1.0,14121,1.0,8763,474,140366
491,4/19/2022,773,635216,43,258531,38,224607,11.0,27809,10.0,36820,1.0,14084,32,187634,4.0,14125,1.0,8764,699,141065
492,4/20/2022,447,635663,22,258553,29,224636,4.0,27813,4.0,36824,5.0,14089,23,187657,1.0,14126,0.0,8764,402,141467
493,4/21/2022,396,636059,23,258576,30,224666,7.0,27820,2.0,36826,3.0,14092,24,187681,2.0,14128,1.0,8765,346,141813
494,4/22/2022,634,636693,24,258600,39,224705,2.0,27822,3.0,36829,4.0,14096,33,187714,2.0,14130,0.0,8765,574,142387
495,4/23/2022,592,637285,18,258618,27,224732,9.0,27831,3.0,36832,1.0,14097,22,187736,2.0,14132,2.0,8767,548,142935
496,4/24/2022,97,637382,8,258626,10,224742,1.0,27832,2.0,36834,1.0,14098,7,187743,1.0,14133,1.0,8768,82,143017
497,4/25/2022,337,637719,29,258655,25,224767,5.0,27837,6.0,36840,4.0,14102,19,187762,0.0,14133,2.0,8770,291,143308
498,4/26/2022,478,638197,21,258676,24,224791,3.0,27840,2.0,36842,4.0,14106,16,187778,1.0,14134,3.0,8773,436,143744
499,4/27/2022,370,638567,22,258698,29,224820,9.0,27849,4.0,36846,2.0,14108,21,187799,2.0,14136,4.0,8777,325,144069
500,4/28/2022,328,638895,28,258726,25,224845,3.0,27852,4.0,36850,3.0,14111,21,187820,0.0,14136,1.0,8778,280,144349
501,4/29/2022,587,639482,11,258737,31,224876,4.0,27856,2.0,36852,6.0,14117,25,187845,0.0,14136,0.0,8778,549,144898
502,4/30/2022,31,639513,1,258738,2,224878,0.0,27856,0.0,36852,,14117,2,187847,0.0,14136,,8778,28,144926
