,Date,daily number of doses received by Larimer County residents,total number of doses recevied by residents,daily number of residents receiving first dose,total number of residents receiving first dose,daily number of residents vaccinated,total number of residents vaccinated,daily number of 70+ vaccinated,total number of 70+ vaccinated,daily number of 70+ at least one dose,total number of 70+ at least one dose,daily number of Latinx residents vaccinated,total of Latinx residents vaccinated,daily number of White non-Latinx residents vaccinated,total of White non-Latinx residents vaccinated,daily number of non-White non-Latinx residents vaccinated,total of non-White non-Latinx residents vaccinated,dailyUnknown,totalUnknown,daily_additional_doses,total_additional_doses,daily_second_booster ,total_second_boosters
0,12/14/2020,31,31,31,31,0,0,0.0,0,1.0,1,0.0,0,0,0,0.0,0,,0,0,0,0,0
1,12/15/2020,15,46,15,46,0,0,,0,,1,,0,0,0,0.0,0,,0,0,0,0,0
2,12/16/2020,308,354,308,354,0,0,0.0,0,1.0,2,0.0,0,0,0,0.0,0,0.0,0,0,0,0,0
3,12/17/2020,993,1347,993,1347,0,0,0.0,0,11.0,13,0.0,0,0,0,0.0,0,0.0,0,0,0,0,0
4,12/18/2020,1057,2404,1057,2404,0,0,0.0,0,15.0,28,0.0,0,0,0,0.0,0,0.0,0,0,0,0,0
5,12/19/2020,721,3125,721,3125,0,0,0.0,0,13.0,41,0.0,0,0,0,0.0,0,0.0,0,0,0,0,0
6,12/20/2020,267,3392,267,3392,0,0,0.0,0,4.0,45,0.0,0,0,0,0.0,0,0.0,0,0,0,0,0
7,12/21/2020,356,3748,356,3748,0,0,0.0,0,3.0,48,0.0,0,0,0,0.0,0,0.0,0,0,0,0,0
8,12/22/2020,360,4108,360,4108,0,0,0.0,0,7.0,55,0.0,0,0,0,0.0,0,0.0,0,0,0,0,0
9,12/23/2020,450,4558,450,4558,0,0,0.0,0,7.0,62,0.0,0,0,0,0.0,0,0.0,0,0,0,0,0
10,12/24/2020,107,4665,107,4665,0,0,0.0,0,3.0,65,0.0,0,0,0,0.0,0,0.0,0,0,0,0,0
11,12/25/2020,1,4666,1,4666,0,0,,0,,65,,0,0,0,,0,,0,0,0,0,0
12,12/26/2020,230,4896,230,4896,0,0,0.0,0,3.0,68,0.0,0,0,0,0.0,0,0.0,0,0,0,0,0
13,12/27/2020,275,5171,275,5171,0,0,0.0,0,195.0,263,0.0,0,0,0,0.0,0,,0,0,0,0,0
14,12/28/2020,721,5892,721,5892,0,0,0.0,0,388.0,651,0.0,0,0,0,0.0,0,0.0,0,0,0,0,0
15,12/29/2020,904,6796,903,6795,1,1,0.0,0,454.0,1105,0.0,0,1,1,0.0,0,0.0,0,0,0,0,0
16,12/30/2020,883,7679,882,7677,1,2,0.0,0,259.0,1364,0.0,0,1,2,0.0,0,0.0,0,0,0,0,0
17,12/31/2020,906,8585,905,8582,2,4,1.0,1,340.0,1704,0.0,0,2,4,0.0,0,0.0,0,0,0,0,0
18,1/1/2021,8,8593,7,8589,2,6,,1,,1704,,0,2,6,,0,0.0,0,0,0,0,0
19,1/2/2021,384,8977,384,8973,0,6,0.0,1,136.0,1840,0.0,0,0,6,0.0,0,0.0,0,0,0,0,0
20,1/3/2021,129,9106,128,9101,2,8,0.0,1,58.0,1898,0.0,0,2,8,0.0,0,0.0,0,0,0,0,0
21,1/4/2021,601,9707,586,9687,15,23,0.0,1,318.0,2216,0.0,0,12,20,2.0,2,1.0,1,0,0,0,0
22,1/5/2021,648,10355,636,10323,12,35,0.0,1,406.0,2622,0.0,0,12,32,0.0,2,0.0,1,0,0,0,0
23,1/6/2021,1254,11609,936,11259,317,352,3.0,4,532.0,3154,18.0,18,278,310,17.0,19,4.0,5,1,1,0,0
24,1/7/2021,1672,13281,710,11969,961,1313,12.0,16,409.0,3563,34.0,52,868,1178,45.0,64,14.0,19,1,2,0,0
25,1/8/2021,1999,15280,991,12960,1007,2320,12.0,28,488.0,4051,48.0,100,895,2073,42.0,106,22.0,41,1,3,0,0
26,1/9/2021,1233,16513,538,13498,695,3015,16.0,44,309.0,4360,17.0,117,629,2702,35.0,141,14.0,55,0,3,0,0
27,1/10/2021,713,17226,437,13935,276,3291,4.0,48,270.0,4630,10.0,127,250,2952,13.0,154,3.0,58,0,3,0,0
28,1/11/2021,1144,18370,796,14731,348,3639,1.0,49,532.0,5162,10.0,137,316,3268,18.0,172,4.0,62,0,3,0,0
29,1/12/2021,1182,19552,883,15614,299,3938,8.0,57,515.0,5677,15.0,152,257,3525,19.0,191,8.0,70,0,3,0,0
30,1/13/2021,1080,20632,834,16448,246,4184,1.0,58,369.0,6046,23.0,175,199,3724,16.0,207,8.0,78,0,3,0,0
31,1/14/2021,875,21507,839,17287,36,4220,1.0,59,495.0,6541,2.0,177,31,3755,1.0,208,2.0,80,0,3,0,0
32,1/15/2021,1225,22732,1209,18496,16,4236,0.0,59,758.0,7299,0.0,177,16,3771,0.0,208,0.0,80,0,3,0,0
33,1/16/2021,985,23717,971,19467,14,4250,1.0,60,582.0,7881,0.0,177,13,3784,1.0,209,0.0,80,0,3,0,0
34,1/17/2021,64,23781,58,19525,6,4256,0.0,60,22.0,7903,0.0,177,4,3788,2.0,211,0.0,80,0,3,0,0
35,1/18/2021,1024,24805,816,20341,206,4462,49.0,109,598.0,8501,8.0,185,178,3966,13.0,224,7.0,87,2,5,0,0
36,1/19/2021,1258,26063,1113,21454,142,4604,8.0,117,729.0,9230,7.0,192,122,4088,6.0,230,7.0,94,2,7,1,1
37,1/20/2021,1438,27501,1216,22670,220,4824,13.0,130,573.0,9803,14.0,206,179,4267,9.0,239,18.0,112,1,8,1,2
38,1/21/2021,2269,29770,2047,24717,222,5046,11.0,141,1586.0,11389,14.0,220,185,4452,16.0,255,7.0,119,2,10,0,2
39,1/22/2021,1750,31520,1467,26184,283,5329,94.0,235,1094.0,12483,34.0,254,228,4680,14.0,269,7.0,126,0,10,0,2
40,1/23/2021,907,32427,575,26759,332,5661,55.0,290,428.0,12911,8.0,262,305,4985,13.0,282,6.0,132,0,10,0,2
41,1/24/2021,389,32816,104,26863,285,5946,207.0,497,61.0,12972,8.0,270,269,5254,8.0,290,,132,0,10,0,2
42,1/25/2021,1411,34227,789,27652,618,6564,370.0,867,550.0,13522,13.0,283,580,5834,16.0,306,9.0,141,4,14,0,2
43,1/26/2021,1620,35847,699,28351,919,7483,457.0,1324,438.0,13960,30.0,313,839,6673,39.0,345,11.0,152,1,15,1,3
44,1/27/2021,1848,37695,775,29126,1072,8555,533.0,1857,336.0,14296,41.0,354,975,7648,47.0,392,9.0,161,1,16,0,3
45,1/28/2021,1356,39051,550,29676,805,9360,352.0,2209,300.0,14596,25.0,379,739,8387,28.0,420,13.0,174,1,17,0,3
46,1/29/2021,1651,40702,1164,30840,486,9846,168.0,2377,826.0,15422,23.0,402,420,8807,33.0,453,10.0,184,1,18,0,3
47,1/30/2021,1222,41924,734,31574,486,10332,208.0,2585,597.0,16019,24.0,426,437,9244,19.0,472,6.0,190,2,20,0,3
48,1/31/2021,652,42576,424,31998,224,10556,76.0,2661,365.0,16384,5.0,431,198,9442,15.0,487,6.0,196,3,23,1,4
49,2/1/2021,1672,44248,953,32951,714,11270,468.0,3129,665.0,17049,20.0,451,656,10098,28.0,515,10.0,206,7,30,0,4
50,2/2/2021,1874,46122,737,33688,1137,12407,737.0,3866,581.0,17630,44.0,495,1046,11144,36.0,551,11.0,217,0,30,0,4
51,2/3/2021,1281,47403,595,34283,687,13094,322.0,4188,229.0,17859,48.0,543,582,11726,46.0,597,11.0,228,0,30,0,4
52,2/4/2021,2527,49930,1782,36065,744,13838,497.0,4685,1537.0,19396,31.0,574,665,12391,38.0,635,10.0,238,1,31,0,4
53,2/5/2021,2580,52510,1529,37594,1046,14884,687.0,5372,1302.0,20698,38.0,612,956,13347,32.0,667,20.0,258,6,37,0,4
54,2/6/2021,2231,54741,1604,39198,627,15511,455.0,5827,1239.0,21937,11.0,623,587,13934,21.0,688,8.0,266,0,37,0,4
55,2/7/2021,240,54981,92,39290,145,15656,98.0,5925,29.0,21966,7.0,630,130,14064,4.0,692,4.0,270,3,40,0,4
56,2/8/2021,2459,57440,1582,40872,878,16534,594.0,6519,1128.0,23094,26.0,656,808,14872,28.0,720,16.0,286,0,40,0,4
57,2/9/2021,2391,59831,1535,42407,855,17389,523.0,7042,988.0,24082,26.0,682,770,15642,38.0,758,21.0,307,2,42,0,4
58,2/10/2021,1597,61428,972,43379,618,18007,317.0,7359,288.0,24370,25.0,707,549,16191,29.0,787,15.0,322,7,49,0,4
59,2/11/2021,3536,64964,2000,45379,1535,19542,1054.0,8413,808.0,25178,55.0,762,1398,17589,56.0,843,26.0,348,3,52,0,4
60,2/12/2021,3275,68239,1817,47196,1454,20996,961.0,9374,798.0,25976,60.0,822,1334,18923,47.0,890,13.0,361,4,56,0,4
61,2/13/2021,3001,71240,2364,49560,635,21631,310.0,9684,674.0,26650,14.0,836,583,19506,26.0,916,12.0,373,2,58,0,4
62,2/14/2021,432,71672,352,49912,79,21710,56.0,9740,44.0,26694,2.0,838,72,19578,3.0,919,2.0,375,1,59,0,4
63,2/15/2021,2622,74294,2125,52037,497,22207,322.0,10062,257.0,26951,18.0,856,464,20042,12.0,931,3.0,378,0,59,0,4
64,2/16/2021,2752,77046,1911,53948,841,23048,495.0,10557,229.0,27180,36.0,892,766,20808,22.0,953,17.0,395,0,59,0,4
65,2/17/2021,1640,78686,652,54600,984,24032,481.0,11038,154.0,27334,31.0,923,896,21704,38.0,991,19.0,414,4,63,0,4
66,2/18/2021,2640,81326,1677,56277,959,24991,731.0,11769,277.0,27611,37.0,960,884,22588,31.0,1022,7.0,421,4,67,0,4
67,2/19/2021,2437,83763,1037,57314,1396,26387,1030.0,12799,160.0,27771,44.0,1004,1290,23878,47.0,1069,15.0,436,4,71,0,4
68,2/20/2021,1654,85417,679,57993,973,27360,793.0,13592,129.0,27900,23.0,1027,910,24788,30.0,1099,10.0,446,2,73,0,4
69,2/21/2021,117,85534,43,58036,72,27432,40.0,13632,8.0,27908,1.0,1028,68,24856,2.0,1101,1.0,447,2,75,0,4
70,2/22/2021,2030,87564,763,58799,1263,28695,927.0,14559,148.0,28056,38.0,1066,1174,26030,41.0,1142,10.0,457,4,79,0,4
71,2/23/2021,1230,88794,521,59320,708,29403,469.0,15028,163.0,28219,21.0,1087,637,26667,37.0,1179,13.0,470,1,80,0,4
72,2/24/2021,1416,90210,756,60076,658,30061,278.0,15306,139.0,28358,28.0,1115,607,27274,19.0,1198,4.0,474,2,82,0,4
73,2/25/2021,3873,94083,2072,62148,1798,31859,1504.0,16810,353.0,28711,48.0,1163,1695,28969,39.0,1237,16.0,490,2,84,1,5
74,2/26/2021,3276,97359,1161,63309,2112,33971,1738.0,18548,201.0,28912,33.0,1196,1990,30959,59.0,1296,30.0,520,3,87,0,5
75,2/27/2021,3498,100857,1668,64977,1826,35797,1559.0,20107,549.0,29461,35.0,1231,1706,32665,57.0,1353,28.0,548,4,91,0,5
76,2/28/2021,432,101289,359,65336,70,35867,43.0,20150,116.0,29577,2.0,1233,65,32730,1.0,1354,2.0,550,3,94,0,5
77,3/1/2021,2970,104259,1474,66810,1500,37367,1077.0,21227,303.0,29880,55.0,1288,1387,34117,46.0,1400,12.0,562,14,108,0,5
78,3/2/2021,3261,107520,1731,68541,1528,38895,1046.0,22273,385.0,30265,37.0,1325,1418,35535,45.0,1445,28.0,590,2,110,0,5
79,3/3/2021,1673,109193,1096,69637,582,39477,180.0,22453,208.0,30473,33.0,1358,517,36052,26.0,1471,6.0,596,0,110,0,5
80,3/4/2021,3018,112211,1594,71231,1457,40934,823.0,23276,171.0,30644,43.0,1401,1337,37389,58.0,1529,19.0,615,2,112,0,5
81,3/5/2021,3496,115707,2063,73294,1478,42412,821.0,24097,424.0,31068,42.0,1443,1369,38758,43.0,1572,24.0,639,3,115,0,5
82,3/6/2021,4126,119833,2338,75632,2710,45122,865.0,24962,270.0,31338,171.0,1614,2378,41136,127.0,1699,34.0,673,3,118,1,6
83,3/7/2021,432,120265,314,75946,154,45276,37.0,24999,23.0,31361,4.0,1618,145,41281,2.0,1701,3.0,676,0,118,0,6
84,3/8/2021,2826,123091,1062,77008,1920,47196,275.0,25274,76.0,31437,54.0,1672,1777,43058,66.0,1767,23.0,699,3,121,0,6
85,3/9/2021,3197,126288,1660,78668,1640,48836,264.0,25538,96.0,31533,54.0,1726,1493,44551,69.0,1836,24.0,723,11,132,0,6
86,3/10/2021,2408,128696,1389,80057,1100,49936,308.0,25846,87.0,31620,55.0,1781,991,45542,36.0,1872,18.0,741,3,135,0,6
87,3/11/2021,4187,132883,2387,82444,1905,51841,401.0,26247,134.0,31754,63.0,1844,1752,47294,71.0,1943,19.0,760,6,141,0,6
88,3/12/2021,3963,136846,2583,85027,1482,53323,206.0,26453,67.0,31821,93.0,1937,1299,48593,59.0,2002,31.0,791,7,148,0,6
89,3/13/2021,221,137067,137,85164,135,53458,21.0,26474,6.0,31827,1.0,1938,127,48720,5.0,2007,2.0,793,1,149,0,6
90,3/14/2021,103,137170,61,85225,42,53500,9.0,26483,0.0,31827,1.0,1939,39,48759,1.0,2008,1.0,794,1,150,0,6
91,3/15/2021,921,138091,377,85602,568,54068,90.0,26573,15.0,31842,20.0,1959,522,49281,17.0,2025,9.0,803,3,153,0,6
92,3/16/2021,3305,141396,2126,87728,1224,55292,233.0,26806,46.0,31888,67.0,2026,1095,50376,45.0,2070,17.0,820,1,154,0,6
93,3/17/2021,2920,144316,1787,89515,1183,56475,237.0,27043,88.0,31976,41.0,2067,1084,51460,41.0,2111,17.0,837,8,162,0,6
94,3/18/2021,4025,148341,2085,91600,1962,58437,342.0,27385,91.0,32067,99.0,2166,1778,53238,65.0,2176,20.0,857,15,177,0,6
95,3/19/2021,3018,151359,1750,93350,1284,59721,223.0,27608,43.0,32110,64.0,2230,1155,54393,46.0,2222,19.0,876,11,188,1,7
96,3/20/2021,3084,154443,1964,95314,1163,60884,318.0,27926,52.0,32162,36.0,2266,1042,55435,62.0,2284,23.0,899,7,195,0,7
97,3/21/2021,685,155128,411,95725,291,61175,27.0,27953,5.0,32167,13.0,2279,259,55694,18.0,2302,1.0,900,6,201,0,7
98,3/22/2021,3125,158253,2248,97973,899,62074,194.0,28147,57.0,32224,19.0,2298,829,56523,38.0,2340,13.0,913,10,211,0,7
99,3/23/2021,4467,162720,3571,101544,1751,63825,203.0,28350,74.0,32298,67.0,2365,1525,58048,107.0,2447,52.0,965,2,213,0,7
100,3/24/2021,3172,165892,2434,103978,796,64621,122.0,28472,37.0,32335,46.0,2411,704,58752,28.0,2475,18.0,983,6,219,0,7
101,3/25/2021,5069,170961,3045,107023,2040,66661,313.0,28785,69.0,32404,68.0,2479,1865,60617,74.0,2549,33.0,1016,11,230,3,10
102,3/26/2021,4597,175558,2722,109745,1910,68571,329.0,29114,66.0,32470,121.0,2600,1644,62261,114.0,2663,31.0,1047,11,241,0,10
103,3/27/2021,3351,178909,1906,111651,1449,70020,331.0,29445,20.0,32490,49.0,2649,1332,63593,48.0,2711,20.0,1067,4,245,0,10
104,3/28/2021,1189,180098,826,112477,365,70385,93.0,29538,17.0,32507,12.0,2661,335,63928,15.0,2726,3.0,1070,1,246,0,10
105,3/29/2021,4012,184110,2700,115177,1330,71715,234.0,29772,55.0,32562,41.0,2702,1245,65173,32.0,2758,12.0,1082,4,250,0,10
106,3/30/2021,4384,188494,2752,117929,1712,73427,249.0,30021,75.0,32637,57.0,2759,1557,66730,77.0,2835,21.0,1103,7,257,0,10
107,3/31/2021,3622,192116,2586,120515,1103,74530,173.0,30194,48.0,32685,47.0,2806,982,67712,51.0,2886,23.0,1126,8,265,0,10
108,4/1/2021,5203,197319,3378,123893,1870,76400,153.0,30347,79.0,32764,76.0,2882,1700,69412,70.0,2956,24.0,1150,23,288,1,11
109,4/2/2021,4736,202055,2535,126428,2245,78645,243.0,30590,51.0,32815,83.0,2965,2036,71448,96.0,3052,30.0,1180,6,294,1,12
110,4/3/2021,4275,206330,3523,129951,869,79514,99.0,30689,42.0,32857,38.0,3003,776,72224,36.0,3088,19.0,1199,6,300,0,12
111,4/4/2021,388,206718,269,130220,173,79687,6.0,30695,7.0,32864,3.0,3006,155,72379,13.0,3101,2.0,1201,2,302,0,12
112,4/5/2021,4733,211451,3792,134012,1082,80769,79.0,30774,46.0,32910,70.0,3076,934,73313,55.0,3156,23.0,1224,3,305,0,12
113,4/6/2021,5184,216635,3046,137058,2661,83430,92.0,30866,62.0,32972,91.0,3167,2335,75648,171.0,3327,64.0,1288,9,314,1,13
114,4/7/2021,5009,221644,3696,140754,3528,86958,84.0,30950,109.0,33081,156.0,3323,3030,78678,250.0,3577,92.0,1380,11,325,0,13
115,4/8/2021,6694,228338,4507,145261,4002,90960,165.0,31115,120.0,33201,170.0,3493,3523,82201,220.0,3797,89.0,1469,18,343,0,13
116,4/9/2021,5741,234079,3282,148543,4185,95145,95.0,31210,69.0,33270,197.0,3690,3643,85844,243.0,4040,102.0,1571,14,357,2,15
117,4/10/2021,4449,238528,3176,151719,2371,97516,71.0,31281,71.0,33341,130.0,3820,2009,87853,165.0,4205,67.0,1638,5,362,0,15
118,4/11/2021,1051,239579,798,152517,366,97882,7.0,31288,11.0,33352,16.0,3836,300,88153,38.0,4243,12.0,1650,0,362,0,15
119,4/12/2021,5058,244637,3641,156158,2673,100555,98.0,31386,97.0,33449,102.0,3938,2327,90480,175.0,4418,69.0,1719,12,374,0,15
120,4/13/2021,5050,249687,3566,159724,1517,102072,56.0,31442,77.0,33526,70.0,4008,1321,91801,101.0,4519,25.0,1744,10,384,0,15
121,4/14/2021,2972,252659,1435,161159,1526,103598,85.0,31527,25.0,33551,93.0,4101,1329,93130,74.0,4593,30.0,1774,11,395,0,15
122,4/15/2021,4963,257622,2325,163484,2623,106221,102.0,31629,61.0,33612,219.0,4320,2181,95311,164.0,4757,59.0,1833,16,411,1,16
123,4/16/2021,3934,261556,2083,165567,1834,108055,45.0,31674,34.0,33646,65.0,4385,1599,96910,134.0,4891,36.0,1869,16,427,1,17
124,4/17/2021,4597,266153,2399,167966,2188,110243,38.0,31712,57.0,33703,103.0,4488,1906,98816,133.0,5024,46.0,1915,10,437,1,18
125,4/18/2021,1060,267213,405,168371,648,110891,15.0,31727,10.0,33713,47.0,4535,538,99354,34.0,5058,29.0,1944,6,443,1,19
126,4/19/2021,3869,271082,1403,169774,2452,113343,44.0,31771,39.0,33752,169.0,4704,2059,101413,166.0,5224,58.0,2002,13,456,1,20
127,4/20/2021,4712,275794,1852,171626,2833,116176,46.0,31817,70.0,33822,160.0,4864,2411,103824,198.0,5422,64.0,2066,23,479,4,24
128,4/21/2021,3220,279014,719,172345,2481,118657,36.0,31853,31.0,33853,151.0,5015,2087,105911,166.0,5588,77.0,2143,22,501,0,24
129,4/22/2021,4666,283680,1779,174124,2868,121525,46.0,31899,62.0,33915,144.0,5159,2462,108373,193.0,5781,69.0,2212,19,520,0,24
130,4/23/2021,3601,287281,1175,175299,2415,123940,41.0,31940,31.0,33946,74.0,5233,2130,110503,131.0,5912,80.0,2292,13,533,0,24
131,4/24/2021,3363,290644,1121,176420,2231,126171,14.0,31954,20.0,33966,108.0,5341,1893,112396,191.0,6103,39.0,2331,11,544,0,24
132,4/25/2021,831,291475,366,176786,463,126634,6.0,31960,8.0,33974,107.0,5448,280,112676,39.0,6142,37.0,2368,3,547,0,24
133,4/26/2021,4394,295869,1113,177899,3271,129905,38.0,31998,30.0,34004,152.0,5600,2816,115492,212.0,6354,91.0,2459,12,559,0,24
134,4/27/2021,3380,299249,1203,179102,2182,132087,41.0,32039,38.0,34042,81.0,5681,1921,117413,138.0,6492,42.0,2501,14,573,1,25
135,4/28/2021,3005,302254,715,179817,2301,134388,46.0,32085,22.0,34064,169.0,5850,1863,119276,204.0,6696,65.0,2566,19,592,1,26
136,4/29/2021,3991,306245,823,180640,3176,137564,73.0,32158,32.0,34096,230.0,6080,2605,121881,234.0,6930,107.0,2673,10,602,0,26
137,4/30/2021,2906,309151,647,181287,2267,139831,50.0,32208,24.0,34120,76.0,6156,1926,123807,203.0,7133,62.0,2735,23,625,0,26
138,5/1/2021,3691,312842,818,182105,2848,142679,37.0,32245,19.0,34139,283.0,6439,2222,126029,204.0,7337,139.0,2874,39,664,1,27
139,5/2/2021,546,313388,241,182346,323,143002,7.0,32252,2.0,34141,12.0,6451,259,126288,42.0,7379,10.0,2884,4,668,0,27
140,5/3/2021,3438,316826,641,182987,2808,145810,48.0,32300,33.0,34174,111.0,6562,2408,128696,215.0,7594,74.0,2958,14,682,0,27
141,5/4/2021,4362,321188,688,183675,3719,149529,71.0,32371,26.0,34200,150.0,6712,3190,131886,261.0,7855,118.0,3076,10,692,2,29
142,5/5/2021,2237,323425,475,184150,1815,151344,63.0,32434,24.0,34224,87.0,6799,1504,133390,146.0,8001,78.0,3154,7,699,2,31
143,5/6/2021,3701,327126,828,184978,3050,154394,101.0,32535,40.0,34264,178.0,6977,2535,135925,203.0,8204,134.0,3288,9,708,5,36
144,5/7/2021,2955,330081,540,185518,2553,156947,45.0,32580,11.0,34275,136.0,7113,2103,138028,214.0,8418,100.0,3388,14,722,1,37
145,5/8/2021,3005,333086,561,186079,2610,159557,47.0,32627,16.0,34291,170.0,7283,2116,140144,194.0,8612,130.0,3518,10,732,0,37
146,5/9/2021,379,333465,145,186224,248,159805,4.0,32631,2.0,34293,11.0,7294,207,140351,21.0,8633,9.0,3527,3,735,0,37
147,5/10/2021,2451,335916,381,186605,2130,161935,65.0,32696,16.0,34309,92.0,7386,1734,142085,205.0,8838,99.0,3626,8,743,3,40
148,5/11/2021,2726,338642,534,187139,2246,164181,95.0,32791,23.0,34332,192.0,7578,1755,143840,204.0,9042,95.0,3721,15,758,1,41
149,5/12/2021,1246,339888,462,187601,866,165047,27.0,32818,14.0,34346,53.0,7631,689,144529,86.0,9128,38.0,3759,7,765,0,41
150,5/13/2021,3272,343160,1031,188632,2270,167317,86.0,32904,25.0,34371,148.0,7779,1849,146378,166.0,9294,107.0,3866,11,776,4,45
151,5/14/2021,2478,345638,1281,189913,1328,168645,57.0,32961,30.0,34401,66.0,7845,1109,147487,100.0,9394,53.0,3919,12,788,2,47
152,5/15/2021,3041,348679,1509,191422,1659,170304,44.0,33005,17.0,34418,117.0,7962,1321,148808,148.0,9542,73.0,3992,6,794,3,50
153,5/16/2021,946,349625,544,191966,446,170750,11.0,33016,5.0,34423,87.0,8049,284,149092,33.0,9575,42.0,4034,1,795,2,52
154,5/17/2021,2441,352066,1207,193173,1331,172081,36.0,33052,27.0,34450,51.0,8100,1113,150205,108.0,9683,59.0,4093,5,800,1,53
155,5/18/2021,2586,354652,1156,194329,1472,173553,45.0,33097,22.0,34472,78.0,8178,1243,151448,86.0,9769,65.0,4158,9,809,4,57
156,5/19/2021,1891,356543,1156,195485,815,174368,28.0,33125,20.0,34492,43.0,8221,662,152110,70.0,9839,40.0,4198,4,813,1,58
157,5/20/2021,1992,358535,938,196423,1112,175480,44.0,33169,28.0,34520,95.0,8316,890,153000,79.0,9918,48.0,4246,10,823,2,60
158,5/21/2021,1655,360190,924,197347,834,176314,21.0,33190,15.0,34535,43.0,8359,666,153666,67.0,9985,58.0,4304,15,838,2,62
159,5/22/2021,1699,361889,798,198145,940,177254,9.0,33199,13.0,34548,123.0,8482,657,154323,76.0,10061,84.0,4388,9,847,3,65
160,5/23/2021,686,362575,343,198488,374,177628,2.0,33201,5.0,34553,67.0,8549,231,154554,21.0,10082,55.0,4443,1,848,0,65
161,5/24/2021,1355,363930,543,199031,887,178515,36.0,33237,20.0,34573,41.0,8590,717,155271,85.0,10167,44.0,4487,12,860,2,67
162,5/25/2021,1235,365165,511,199542,767,179282,24.0,33261,19.0,34592,57.0,8647,579,155850,66.0,10233,65.0,4552,8,868,0,67
163,5/26/2021,969,366134,548,200090,560,179842,21.0,33282,25.0,34617,41.0,8688,444,156294,44.0,10277,31.0,4583,3,871,1,68
164,5/27/2021,1317,367451,668,200758,733,180575,33.0,33315,20.0,34637,58.0,8746,589,156883,56.0,10333,30.0,4613,6,877,1,69
165,5/28/2021,1049,368500,605,201363,506,181081,20.0,33335,22.0,34659,34.0,8780,394,157277,52.0,10385,26.0,4639,11,888,0,69
166,5/29/2021,1024,369524,494,201857,576,181657,19.0,33354,8.0,34667,33.0,8813,458,157735,45.0,10430,40.0,4679,6,894,0,69
167,5/30/2021,334,369858,218,202075,152,181809,5.0,33359,3.0,34670,14.0,8827,109,157844,18.0,10448,11.0,4690,3,897,2,71
168,5/31/2021,341,370199,192,202267,177,181986,8.0,33367,6.0,34676,7.0,8834,148,157992,11.0,10459,11.0,4701,10,907,1,72
169,6/1/2021,1022,371221,411,202678,632,182618,29.0,33396,18.0,34694,51.0,8885,488,158480,47.0,10506,46.0,4747,40,947,1,73
170,6/2/2021,721,371942,368,203046,419,183037,16.0,33412,8.0,34702,35.0,8920,334,158814,24.0,10530,26.0,4773,3,950,1,74
171,6/3/2021,1316,373258,522,203568,859,183896,22.0,33434,11.0,34713,51.0,8971,707,159521,61.0,10591,40.0,4813,4,954,0,74
172,6/4/2021,1503,374761,399,203967,1157,185053,15.0,33449,10.0,34723,71.0,9042,970,160491,70.0,10661,46.0,4859,3,957,1,75
173,6/5/2021,1425,376186,363,204330,1092,186145,12.0,33461,6.0,34729,62.0,9104,892,161383,96.0,10757,42.0,4901,10,967,1,76
174,6/6/2021,563,376749,148,204478,435,186580,5.0,33466,3.0,34732,49.0,9153,345,161728,28.0,10785,13.0,4914,1,968,0,76
175,6/7/2021,1201,377950,343,204821,917,187497,16.0,33482,12.0,34744,67.0,9220,735,162463,82.0,10867,33.0,4947,7,975,1,77
176,6/8/2021,1096,379046,252,205073,874,188371,18.0,33500,5.0,34749,59.0,9279,712,163175,70.0,10937,33.0,4980,7,982,0,77
177,6/9/2021,1085,380131,282,205355,858,189229,15.0,33515,11.0,34760,77.0,9356,663,163838,75.0,11012,43.0,5023,4,986,1,78
178,6/10/2021,1336,381467,345,205700,1037,190266,21.0,33536,4.0,34764,95.0,9451,815,164653,72.0,11084,55.0,5078,11,997,1,79
179,6/11/2021,1113,382580,322,206022,846,191112,20.0,33556,14.0,34778,60.0,9511,660,165313,81.0,11165,45.0,5123,2,999,0,79
180,6/12/2021,1051,383631,288,206310,814,191926,16.0,33572,9.0,34787,72.0,9583,632,165945,68.0,11233,42.0,5165,1,1000,0,79
181,6/13/2021,372,384003,99,206409,291,192217,4.0,33576,1.0,34788,35.0,9618,211,166156,25.0,11258,20.0,5185,3,1003,0,79
182,6/14/2021,845,384848,291,206700,610,192827,15.0,33591,4.0,34792,47.0,9665,464,166620,44.0,11302,55.0,5240,3,1006,0,79
183,6/15/2021,708,385556,245,206945,488,193315,21.0,33612,10.0,34802,42.0,9707,394,167014,34.0,11336,18.0,5258,2,1008,1,80
184,6/16/2021,643,386199,209,207154,469,193784,13.0,33625,5.0,34807,40.0,9747,351,167365,39.0,11375,39.0,5297,5,1013,0,80
185,6/17/2021,703,386902,255,207409,475,194259,15.0,33640,9.0,34816,44.0,9791,351,167716,51.0,11426,29.0,5326,7,1020,1,81
186,6/18/2021,1045,387947,378,207787,703,194962,21.0,33661,11.0,34827,55.0,9846,561,168277,57.0,11483,30.0,5356,12,1032,0,81
187,6/19/2021,645,388592,155,207942,511,195473,10.0,33671,6.0,34833,51.0,9897,379,168656,54.0,11537,27.0,5383,4,1036,0,81
188,6/20/2021,296,388888,111,208053,193,195666,3.0,33674,2.0,34835,37.0,9934,119,168775,15.0,11552,22.0,5405,5,1041,0,81
189,6/21/2021,522,389410,218,208271,338,196004,5.0,33679,7.0,34842,30.0,9964,252,169027,34.0,11586,22.0,5427,4,1045,0,81
190,6/22/2021,619,390029,252,208523,406,196410,13.0,33692,8.0,34850,32.0,9996,318,169345,28.0,11614,28.0,5455,1,1046,0,81
191,6/23/2021,511,390540,186,208709,352,196762,8.0,33700,10.0,34860,42.0,10038,254,169599,33.0,11647,23.0,5478,9,1055,1,82
192,6/24/2021,534,391074,207,208916,353,197115,13.0,33713,9.0,34869,35.0,10073,272,169871,24.0,11671,22.0,5500,2,1057,0,82
193,6/25/2021,691,391765,274,209190,441,197556,13.0,33726,9.0,34878,44.0,10117,329,170200,42.0,11713,26.0,5526,3,1060,0,82
194,6/26/2021,606,392371,165,209355,455,198011,9.0,33735,9.0,34887,79.0,10196,300,170500,47.0,11760,29.0,5555,3,1063,1,83
195,6/27/2021,184,392555,67,209422,119,198130,2.0,33737,3.0,34890,10.0,10206,87,170587,12.0,11772,10.0,5565,2,1065,0,83
196,6/28/2021,491,393046,206,209628,292,198422,7.0,33744,6.0,34896,40.0,10246,208,170795,26.0,11798,18.0,5583,8,1073,0,83
197,6/29/2021,566,393612,255,209883,342,198764,17.0,33761,11.0,34907,43.0,10289,251,171046,23.0,11821,25.0,5608,8,1081,2,85
198,6/30/2021,423,394035,206,210089,230,198994,8.0,33769,11.0,34918,20.0,10309,173,171219,17.0,11838,20.0,5628,8,1089,2,87
199,7/1/2021,511,394546,215,210304,309,199303,9.0,33778,7.0,34925,23.0,10332,231,171450,34.0,11872,21.0,5649,13,1102,2,89
200,7/2/2021,572,395118,273,210577,312,199615,7.0,33785,7.0,34932,28.0,10360,244,171694,25.0,11897,15.0,5664,6,1108,0,89
201,7/3/2021,305,395423,120,210697,192,199807,4.0,33789,3.0,34935,28.0,10388,125,171819,20.0,11917,19.0,5683,5,1113,0,89
202,7/4/2021,55,395478,20,210717,35,199842,1.0,33790,0.0,34935,4.0,10392,22,171841,1.0,11918,8.0,5691,0,1113,0,89
203,7/5/2021,324,395802,143,210860,178,200020,3.0,33793,1.0,34936,19.0,10411,123,171964,26.0,11944,10.0,5701,9,1122,0,89
204,7/6/2021,469,396271,192,211052,288,200308,4.0,33797,5.0,34941,46.0,10457,207,172171,21.0,11965,14.0,5715,3,1125,0,89
205,7/7/2021,387,396658,215,211267,191,200499,8.0,33805,6.0,34947,23.0,10480,139,172310,13.0,11978,16.0,5731,5,1130,0,89
206,7/8/2021,434,397092,205,211472,252,200751,9.0,33814,8.0,34955,25.0,10505,178,172488,26.0,12004,23.0,5754,4,1134,1,90
207,7/9/2021,479,397571,193,211665,297,201048,10.0,33824,2.0,34957,39.0,10544,216,172704,24.0,12028,18.0,5772,2,1136,2,92
208,7/10/2021,266,397837,153,211818,133,201181,5.0,33829,2.0,34959,5.0,10549,110,172814,10.0,12038,8.0,5780,2,1138,0,92
209,7/11/2021,222,398059,120,211938,125,201306,6.0,33835,7.0,34966,11.0,10560,93,172907,9.0,12047,12.0,5792,7,1145,2,94
210,7/12/2021,392,398451,204,212142,201,201507,6.0,33841,4.0,34970,27.0,10587,135,173042,22.0,12069,17.0,5809,4,1149,0,94
211,7/13/2021,438,398889,226,212368,233,201740,17.0,33858,9.0,34979,28.0,10615,181,173223,12.0,12081,12.0,5821,4,1153,0,94
212,7/14/2021,289,399178,156,212524,160,201900,8.0,33866,5.0,34984,19.0,10634,117,173340,9.0,12090,15.0,5836,4,1157,1,95
213,7/15/2021,367,399545,189,212713,186,202086,1.0,33867,4.0,34988,16.0,10650,139,173479,14.0,12104,17.0,5853,6,1163,0,95
214,7/16/2021,511,400056,245,212958,282,202368,8.0,33875,9.0,34997,24.0,10674,214,173693,22.0,12126,22.0,5875,1,1164,0,95
215,7/17/2021,275,400331,158,213116,136,202504,12.0,33887,4.0,35001,13.0,10687,105,173798,8.0,12134,10.0,5885,3,1167,0,95
216,7/18/2021,195,400526,117,213233,94,202598,4.0,33891,3.0,35004,13.0,10700,67,173865,7.0,12141,7.0,5892,3,1170,0,95
217,7/19/2021,407,400933,206,213439,209,202807,9.0,33900,8.0,35012,26.0,10726,153,174018,18.0,12159,12.0,5904,3,1173,2,97
218,7/20/2021,429,401362,216,213655,222,203029,6.0,33906,8.0,35020,13.0,10739,170,174188,25.0,12184,14.0,5918,6,1179,1,98
219,7/21/2021,345,401707,188,213843,177,203206,14.0,33920,14.0,35034,14.0,10753,132,174320,14.0,12198,17.0,5935,4,1183,1,99
220,7/22/2021,402,402109,234,214077,178,203384,7.0,33927,17.0,35051,21.0,10774,132,174452,18.0,12216,7.0,5942,6,1189,1,100
221,7/23/2021,556,402665,325,214402,239,203623,7.0,33934,10.0,35061,37.0,10811,165,174617,19.0,12235,18.0,5960,6,1195,0,100
222,7/24/2021,352,403017,214,214616,162,203785,9.0,33943,9.0,35070,20.0,10831,119,174736,9.0,12244,14.0,5974,2,1197,1,101
223,7/25/2021,192,403209,139,214755,65,203850,0.0,33943,4.0,35074,7.0,10838,47,174783,5.0,12249,6.0,5980,4,1201,0,101
224,7/26/2021,357,403566,206,214961,153,204003,2.0,33945,6.0,35080,11.0,10849,103,174886,20.0,12269,19.0,5999,10,1211,0,101
225,7/27/2021,431,403997,235,215196,183,204186,5.0,33950,16.0,35096,23.0,10872,127,175013,20.0,12289,13.0,6012,27,1238,0,101
226,7/28/2021,473,404470,284,215480,227,204413,4.0,33954,10.0,35106,30.0,10902,149,175162,17.0,12306,31.0,6043,4,1242,2,103
227,7/29/2021,518,404988,312,215792,237,204650,8.0,33962,7.0,35113,26.0,10928,179,175341,14.0,12320,18.0,6061,13,1255,1,104
228,7/30/2021,699,405687,483,216275,254,204904,10.0,33972,14.0,35127,29.0,10957,190,175531,17.0,12337,18.0,6079,9,1264,1,105
229,7/31/2021,338,406025,200,216475,139,205043,4.0,33976,1.0,35128,16.0,10973,110,175641,8.0,12345,5.0,6084,11,1275,0,105
230,8/1/2021,300,406325,177,216652,106,205149,0.0,33976,2.0,35130,14.0,10987,67,175708,9.0,12354,16.0,6100,32,1307,3,108
231,8/2/2021,450,406775,297,216949,182,205331,5.0,33981,14.0,35144,23.0,11010,126,175834,19.0,12373,14.0,6114,7,1314,2,110
232,8/3/2021,566,407341,347,217296,248,205579,6.0,33987,14.0,35158,40.0,11050,165,175999,16.0,12389,27.0,6141,5,1319,1,111
233,8/4/2021,399,407740,277,217573,154,205733,6.0,33993,14.0,35172,11.0,11061,115,176114,8.0,12397,20.0,6161,2,1321,1,112
234,8/5/2021,447,408187,287,217860,173,205906,6.0,33999,10.0,35182,21.0,11082,126,176240,16.0,12413,10.0,6171,8,1329,0,112
235,8/6/2021,686,408873,461,218321,277,206183,13.0,34012,16.0,35198,23.0,11105,208,176448,24.0,12437,22.0,6193,8,1337,0,112
236,8/7/2021,449,409322,313,218634,160,206343,4.0,34016,11.0,35209,12.0,11117,129,176577,5.0,12442,14.0,6207,5,1342,1,113
237,8/8/2021,217,409539,125,218759,100,206443,3.0,34019,5.0,35214,8.0,11125,71,176648,9.0,12451,12.0,6219,5,1347,2,115
238,8/9/2021,463,410002,274,219033,221,206664,4.0,34023,6.0,35220,20.0,11145,167,176815,11.0,12462,23.0,6242,7,1354,2,117
239,8/10/2021,505,410507,297,219330,233,206897,6.0,34029,13.0,35233,27.0,11172,179,176994,13.0,12475,14.0,6256,5,1359,4,121
240,8/11/2021,416,410923,260,219590,182,207079,11.0,34040,5.0,35238,18.0,11190,137,177131,14.0,12489,13.0,6269,3,1362,0,121
241,8/12/2021,543,411466,319,219909,267,207346,7.0,34047,15.0,35253,32.0,11222,188,177319,23.0,12512,24.0,6293,8,1370,2,123
242,8/13/2021,659,412125,376,220285,303,207649,10.0,34057,9.0,35262,30.0,11252,223,177542,19.0,12531,31.0,6324,7,1377,1,124
243,8/14/2021,512,412637,260,220545,259,207908,7.0,34064,8.0,35270,11.0,11263,220,177762,10.0,12541,18.0,6342,52,1429,2,126
244,8/15/2021,267,412904,130,220675,123,208031,2.0,34066,2.0,35272,11.0,11274,89,177851,6.0,12547,17.0,6359,22,1451,0,126
245,8/16/2021,542,413446,311,220986,178,208209,4.0,34070,11.0,35283,15.0,11289,139,177990,12.0,12559,12.0,6371,83,1534,3,129
246,8/17/2021,488,413934,229,221215,196,208405,17.0,34087,10.0,35293,17.0,11306,148,178138,11.0,12570,20.0,6391,89,1623,0,129
247,8/18/2021,594,414528,323,221538,272,208677,6.0,34093,14.0,35307,32.0,11338,184,178322,14.0,12584,42.0,6433,74,1697,4,133
248,8/19/2021,572,415100,280,221818,268,208945,7.0,34100,9.0,35316,21.0,11359,210,178532,22.0,12606,15.0,6448,84,1781,1,134
249,8/20/2021,853,415953,335,222153,474,209419,16.0,34116,12.0,35328,46.0,11405,375,178907,30.0,12636,23.0,6471,98,1879,1,135
250,8/21/2021,648,416601,212,222365,213,209632,6.0,34122,7.0,35335,15.0,11420,174,179081,13.0,12649,11.0,6482,235,2114,0,135
251,8/22/2021,311,416912,149,222514,138,209770,1.0,34123,2.0,35337,19.0,11439,98,179179,9.0,12658,12.0,6494,32,2146,2,137
252,8/23/2021,528,417440,261,222775,224,209994,11.0,34134,10.0,35347,20.0,11459,168,179347,13.0,12671,23.0,6517,66,2212,1,138
253,8/24/2021,576,418016,277,223052,285,210279,12.0,34146,8.0,35355,29.0,11488,224,179571,14.0,12685,18.0,6535,58,2270,2,140
254,8/25/2021,608,418624,327,223379,269,210548,13.0,34159,13.0,35368,22.0,11510,204,179775,10.0,12695,33.0,6568,55,2325,2,142
255,8/26/2021,543,419167,260,223639,258,210806,9.0,34168,13.0,35381,18.0,11528,199,179974,23.0,12718,18.0,6586,57,2382,0,142
256,8/27/2021,899,420066,356,223995,404,211210,15.0,34183,11.0,35392,37.0,11565,298,180272,25.0,12743,44.0,6630,177,2559,6,148
257,8/28/2021,1458,421524,202,224197,249,211459,8.0,34191,5.0,35397,23.0,11588,186,180458,13.0,12756,27.0,6657,1000,3559,13,161
258,8/29/2021,1075,422599,159,224356,140,211599,4.0,34195,4.0,35401,9.0,11597,114,180572,12.0,12768,5.0,6662,771,4330,10,171
259,8/30/2021,622,423221,272,224628,284,211883,10.0,34205,13.0,35414,23.0,11620,220,180792,8.0,12776,33.0,6695,97,4427,5,176
260,8/31/2021,803,424024,232,224860,231,212114,7.0,34212,12.0,35426,20.0,11640,182,180974,17.0,12793,12.0,6707,345,4772,7,183
261,9/1/2021,987,425011,256,225116,229,212343,13.0,34225,16.0,35442,21.0,11661,175,181149,14.0,12807,19.0,6726,521,5293,3,186
262,9/2/2021,823,425834,182,225298,205,212548,14.0,34239,13.0,35455,19.0,11680,151,181300,17.0,12824,18.0,6744,458,5751,4,190
263,9/3/2021,852,426686,335,225633,373,212921,14.0,34253,11.0,35466,44.0,11724,274,181574,21.0,12845,34.0,6778,165,5916,2,192
264,9/4/2021,376,427062,162,225795,174,213095,7.0,34260,8.0,35474,14.0,11738,137,181711,11.0,12856,12.0,6790,48,5964,2,194
265,9/5/2021,250,427312,130,225925,108,213203,2.0,34262,4.0,35478,13.0,11751,79,181790,8.0,12864,8.0,6798,23,5987,0,194
266,9/6/2021,114,427426,44,225969,62,213265,1.0,34263,0.0,35478,4.0,11755,46,181836,8.0,12872,4.0,6802,13,6000,0,194
267,9/7/2021,952,428378,200,226169,280,213545,18.0,34281,12.0,35490,22.0,11777,217,182053,17.0,12889,24.0,6826,481,6481,5,199
268,9/8/2021,784,429162,219,226388,228,213773,11.0,34292,12.0,35502,25.0,11802,170,182223,11.0,12900,22.0,6848,358,6839,5,204
269,9/9/2021,406,429568,177,226565,196,213969,10.0,34302,7.0,35509,23.0,11825,144,182367,14.0,12914,15.0,6863,56,6895,0,204
270,9/10/2021,767,430335,346,226911,319,214288,9.0,34311,23.0,35532,28.0,11853,241,182608,21.0,12935,29.0,6892,142,7037,4,208
271,9/11/2021,1614,431949,158,227069,205,214493,11.0,34322,16.0,35548,17.0,11870,156,182764,16.0,12951,16.0,6908,1259,8296,7,215
272,9/12/2021,233,432182,102,227171,113,214606,0.0,34322,2.0,35550,11.0,11881,73,182837,10.0,12961,19.0,6927,16,8312,2,217
273,9/13/2021,502,432684,217,227388,256,214862,9.0,34331,8.0,35558,25.0,11906,191,183028,12.0,12973,28.0,6955,50,8362,0,217
274,9/14/2021,848,433532,204,227592,277,215139,13.0,34344,13.0,35571,17.0,11923,224,183252,14.0,12987,22.0,6977,399,8761,3,220
275,9/15/2021,829,434361,189,227781,271,215410,15.0,34359,14.0,35585,21.0,11944,200,183452,17.0,13004,33.0,7010,394,9155,3,223
276,9/16/2021,369,434730,138,227919,201,215611,9.0,34368,8.0,35593,33.0,11977,145,183597,12.0,13016,11.0,7021,46,9201,0,223
277,9/17/2021,756,435486,291,228210,398,216009,15.0,34383,13.0,35606,29.0,12006,298,183895,40.0,13056,31.0,7052,120,9321,2,225
278,9/18/2021,1803,437289,127,228337,170,216179,5.0,34388,19.0,35625,11.0,12017,126,184021,16.0,13072,17.0,7069,1505,10826,10,235
279,9/19/2021,187,437476,79,228416,107,216286,3.0,34391,2.0,35627,7.0,12024,83,184104,5.0,13077,12.0,7081,14,10840,0,235
280,9/20/2021,389,437865,144,228560,222,216508,8.0,34399,9.0,35636,28.0,12052,163,184267,11.0,13088,20.0,7101,55,10895,0,235
281,9/21/2021,777,438642,164,228724,206,216714,8.0,34407,13.0,35649,22.0,12074,156,184423,12.0,13100,16.0,7117,420,11315,3,238
282,9/22/2021,722,439364,163,228887,235,216949,5.0,34412,11.0,35660,14.0,12088,187,184610,16.0,13116,18.0,7135,359,11674,5,243
283,9/23/2021,354,439718,146,229033,180,217129,8.0,34420,4.0,35664,9.0,12097,133,184743,14.0,13130,24.0,7159,48,11722,2,245
284,9/24/2021,694,440412,204,229237,279,217408,16.0,34436,15.0,35679,20.0,12117,222,184965,12.0,13142,25.0,7184,233,11955,2,247
285,9/25/2021,1715,442127,132,229369,177,217585,11.0,34447,21.0,35700,15.0,12132,139,185104,11.0,13153,12.0,7196,1411,13366,4,251
286,9/26/2021,260,442387,66,229435,85,217670,3.0,34450,3.0,35703,11.0,12143,63,185167,4.0,13157,7.0,7203,107,13473,2,253
287,9/27/2021,570,442957,155,229590,123,217793,7.0,34457,10.0,35713,7.0,12150,95,185262,8.0,13165,13.0,7216,308,13781,1,254
288,9/28/2021,1138,444095,158,229748,203,217996,19.0,34476,23.0,35736,14.0,12164,154,185416,10.0,13175,25.0,7241,796,14577,4,258
289,9/29/2021,1134,445229,173,229921,167,218163,10.0,34486,21.0,35757,14.0,12178,126,185542,8.0,13183,19.0,7260,805,15382,6,264
290,9/30/2021,710,445939,161,230082,169,218332,15.0,34501,7.0,35764,11.0,12189,130,185672,11.0,13194,17.0,7277,404,15786,8,272
291,10/1/2021,1189,447128,177,230259,313,218645,20.0,34521,15.0,35779,25.0,12214,245,185917,21.0,13215,22.0,7299,711,16497,9,281
292,10/2/2021,1800,448928,112,230371,112,218757,10.0,34531,13.0,35792,9.0,12223,92,186009,6.0,13221,5.0,7304,1573,18070,7,288
293,10/3/2021,398,449326,64,230435,113,218870,1.0,34532,2.0,35794,19.0,12242,77,186086,7.0,13228,10.0,7314,234,18304,0,288
294,10/4/2021,803,450129,114,230549,159,219029,7.0,34539,13.0,35807,27.0,12269,102,186188,17.0,13245,13.0,7327,535,18839,4,292
295,10/5/2021,1134,451263,139,230688,139,219168,11.0,34550,18.0,35825,13.0,12282,104,186292,9.0,13254,13.0,7340,870,19709,1,293
296,10/6/2021,1014,452277,111,230799,154,219322,7.0,34557,16.0,35841,11.0,12293,123,186415,5.0,13259,15.0,7355,764,20473,4,297
297,10/7/2021,829,453106,139,230938,113,219435,8.0,34565,17.0,35858,8.0,12301,89,186504,6.0,13265,10.0,7365,598,21071,1,298
298,10/8/2021,1040,454146,161,231099,247,219682,18.0,34583,10.0,35868,22.0,12323,193,186697,11.0,13276,21.0,7386,649,21720,0,298
299,10/9/2021,1680,455826,108,231207,132,219814,11.0,34594,6.0,35874,22.0,12345,98,186795,4.0,13280,8.0,7394,1435,23155,9,307
300,10/10/2021,245,456071,52,231259,65,219879,1.0,34595,3.0,35877,5.0,12350,51,186846,4.0,13284,5.0,7399,127,23282,2,309
301,10/11/2021,825,456896,118,231377,136,220015,16.0,34611,19.0,35896,3.0,12353,113,186959,9.0,13293,11.0,7410,578,23860,4,313
302,10/12/2021,1028,457924,113,231490,134,220149,8.0,34619,16.0,35912,17.0,12370,105,187064,4.0,13297,8.0,7418,791,24651,3,316
303,10/13/2021,971,458895,122,231612,151,220300,16.0,34635,10.0,35922,16.0,12386,112,187176,14.0,13311,9.0,7427,713,25364,8,324
304,10/14/2021,719,459614,99,231711,125,220425,14.0,34649,8.0,35930,20.0,12406,92,187268,8.0,13319,5.0,7432,502,25866,4,328
305,10/15/2021,1004,460618,172,231883,209,220634,10.0,34659,8.0,35938,16.0,12422,164,187432,12.0,13331,17.0,7449,652,26518,8,336
306,10/16/2021,808,461426,68,231951,81,220715,4.0,34663,3.0,35941,7.0,12429,69,187501,2.0,13333,3.0,7452,655,27173,7,343
307,10/17/2021,195,461621,47,231998,62,220777,1.0,34664,2.0,35943,4.0,12433,47,187548,2.0,13335,9.0,7461,84,27257,2,345
308,10/18/2021,660,462281,115,232113,136,220913,10.0,34674,3.0,35946,13.0,12446,106,187654,7.0,13342,10.0,7471,423,27680,4,349
309,10/19/2021,1060,463341,128,232241,133,221046,3.0,34677,12.0,35958,8.0,12454,107,187761,8.0,13350,10.0,7481,810,28490,3,352
310,10/20/2021,897,464238,122,232363,122,221168,7.0,34684,12.0,35970,9.0,12463,91,187852,7.0,13357,15.0,7496,664,29154,8,360
311,10/21/2021,542,464780,109,232472,127,221295,10.0,34694,7.0,35977,13.0,12476,85,187937,11.0,13368,18.0,7514,326,29480,5,365
312,10/22/2021,1489,466269,195,232667,162,221457,7.0,34701,13.0,35990,18.0,12494,109,188046,8.0,13376,27.0,7541,1149,30629,9,374
313,10/23/2021,1861,468130,87,232754,76,221533,9.0,34710,14.0,36004,1.0,12495,64,188110,4.0,13380,7.0,7548,1691,32320,12,386
314,10/24/2021,595,468725,81,232835,73,221606,6.0,34716,9.0,36013,7.0,12502,57,188167,4.0,13384,5.0,7553,447,32767,5,391
315,10/25/2021,1480,470205,142,232977,114,221720,20.0,34736,19.0,36032,8.0,12510,91,188258,7.0,13391,8.0,7561,1228,33995,11,402
316,10/26/2021,2133,472338,174,233151,137,221857,7.0,34743,17.0,36049,15.0,12525,104,188362,8.0,13399,10.0,7571,1817,35812,18,420
317,10/27/2021,1974,474312,148,233299,110,221967,6.0,34749,17.0,36066,5.0,12530,88,188450,10.0,13409,7.0,7578,1724,37536,8,428
318,10/28/2021,1797,476109,141,233440,114,222081,4.0,34753,23.0,36089,6.0,12536,92,188542,4.0,13413,12.0,7590,1535,39071,16,444
319,10/29/2021,1735,477844,180,233620,132,222213,4.0,34757,15.0,36104,8.0,12544,107,188649,5.0,13418,12.0,7602,1421,40492,14,458
320,10/30/2021,1583,479427,78,233698,80,222293,5.0,34762,7.0,36111,6.0,12550,62,188711,7.0,13425,5.0,7607,1418,41910,16,474
321,10/31/2021,461,479888,48,233746,37,222330,1.0,34763,6.0,36117,7.0,12557,27,188738,1.0,13426,2.0,7609,372,42282,4,478
322,11/1/2021,1349,481237,148,233894,114,222444,3.0,34766,13.0,36130,10.0,12567,79,188817,7.0,13433,18.0,7627,1085,43367,14,492
323,11/2/2021,1845,483082,127,234021,105,222549,8.0,34774,15.0,36145,11.0,12578,76,188893,8.0,13441,10.0,7637,1611,44978,17,509
324,11/3/2021,1756,484838,158,234179,119,222668,9.0,34783,20.0,36165,10.0,12588,84,188977,6.0,13447,19.0,7656,1481,46459,17,526
325,11/4/2021,1423,486261,146,234325,92,222760,4.0,34787,14.0,36179,1.0,12589,75,189052,5.0,13452,11.0,7667,1205,47664,9,535
326,11/5/2021,2048,488309,233,234558,166,222926,12.0,34799,11.0,36190,11.0,12600,134,189186,8.0,13460,13.0,7680,1667,49331,15,550
327,11/6/2021,1587,489896,218,234776,76,223002,2.0,34801,8.0,36198,5.0,12605,62,189248,4.0,13464,5.0,7685,1284,50615,17,567
328,11/7/2021,532,490428,125,234901,42,223044,1.0,34802,8.0,36206,4.0,12609,31,189279,1.0,13465,6.0,7691,359,50974,7,574
329,11/8/2021,1525,491953,385,235286,108,223152,6.0,34808,9.0,36215,8.0,12617,86,189365,3.0,13468,11.0,7702,1043,52017,8,582
330,11/9/2021,2667,494620,945,236231,134,223286,5.0,34813,20.0,36235,11.0,12628,89,189454,9.0,13477,25.0,7727,1597,53614,13,595
331,11/10/2021,2518,497138,821,237052,115,223401,8.0,34821,16.0,36251,10.0,12638,85,189539,10.0,13487,10.0,7737,1582,55196,20,615
332,11/11/2021,2348,499486,956,238008,98,223499,6.0,34827,8.0,36259,11.0,12649,70,189609,11.0,13498,6.0,7743,1295,56491,21,636
333,11/12/2021,2591,502077,755,238763,143,223642,9.0,34836,19.0,36278,14.0,12663,109,189718,9.0,13507,11.0,7754,1684,58175,24,660
334,11/13/2021,1938,504015,405,239168,70,223712,2.0,34838,10.0,36288,4.0,12667,47,189765,7.0,13514,12.0,7766,1463,59638,9,669
335,11/14/2021,1494,505509,909,240077,57,223769,1.0,34839,2.0,36290,7.0,12674,35,189800,6.0,13520,9.0,7775,536,60174,2,671
336,11/15/2021,1991,507500,442,240519,101,223870,5.0,34844,10.0,36300,12.0,12686,69,189869,7.0,13527,13.0,7788,1453,61627,9,680
337,11/16/2021,2441,509941,446,240965,105,223975,3.0,34847,18.0,36318,16.0,12702,72,189941,7.0,13534,10.0,7798,1876,63503,27,707
338,11/17/2021,2756,512697,637,241602,130,224105,7.0,34854,19.0,36337,9.0,12711,105,190046,6.0,13540,10.0,7808,1978,65481,34,741
339,11/18/2021,2039,514736,386,241988,109,224214,6.0,34860,11.0,36348,10.0,12721,82,190128,11.0,13551,6.0,7814,1534,67015,26,767
340,11/19/2021,2597,517333,719,242707,157,224371,3.0,34863,16.0,36364,11.0,12732,126,190254,10.0,13561,10.0,7824,1714,68729,27,794
341,11/20/2021,1897,519230,537,243244,46,224417,2.0,34865,5.0,36369,4.0,12736,36,190290,2.0,13563,4.0,7828,1299,70028,19,813
342,11/21/2021,656,519886,121,243365,43,224460,0.0,34865,1.0,36370,2.0,12738,31,190321,3.0,13566,7.0,7835,488,70516,6,819
343,11/22/2021,2013,521899,426,243791,113,224573,8.0,34873,20.0,36390,1.0,12739,91,190412,7.0,13573,14.0,7849,1467,71983,26,845
344,11/23/2021,1880,523779,285,244076,94,224667,4.0,34877,16.0,36406,9.0,12748,69,190481,9.0,13582,7.0,7856,1497,73480,14,859
345,11/24/2021,1539,525318,214,244290,94,224761,4.0,34881,11.0,36417,10.0,12758,73,190554,5.0,13587,6.0,7862,1238,74718,8,867
346,11/25/2021,50,525368,9,244299,0,224761,0.0,34881,0.0,36417,0.0,12758,0,190554,0.0,13587,,7862,39,74757,2,869
347,11/26/2021,1277,526645,192,244491,144,224905,2.0,34883,5.0,36422,14.0,12772,113,190667,11.0,13598,6.0,7868,953,75710,6,875
348,11/27/2021,974,527619,134,244625,124,225029,2.0,34885,2.0,36424,9.0,12781,102,190769,6.0,13604,7.0,7875,714,76424,7,882
349,11/28/2021,550,528169,91,244716,84,225113,2.0,34887,1.0,36425,6.0,12787,66,190835,5.0,13609,7.0,7882,374,76798,5,887
350,11/29/2021,1887,530056,260,244976,334,225447,7.0,34894,14.0,36439,25.0,12812,274,191109,23.0,13632,12.0,7894,1288,78086,16,903
351,11/30/2021,2720,532776,341,245317,717,226164,2.0,34896,12.0,36451,46.0,12858,609,191718,49.0,13681,13.0,7907,1646,79732,33,936
352,12/1/2021,2546,535322,270,245587,658,226822,6.0,34902,11.0,36462,28.0,12886,574,192292,52.0,13733,4.0,7911,1603,81335,29,965
353,12/2/2021,2863,538185,352,245939,838,227660,6.0,34908,14.0,36476,64.0,12950,680,192972,70.0,13803,24.0,7935,1659,82994,33,998
354,12/3/2021,2625,540810,279,246218,677,228337,9.0,34917,4.0,36480,57.0,13007,531,193503,65.0,13868,24.0,7959,1672,84666,13,1011
355,12/4/2021,2205,543015,162,246380,356,228693,3.0,34920,1.0,36481,18.0,13025,278,193781,30.0,13898,30.0,7989,1681,86347,11,1022
356,12/5/2021,1389,544404,96,246476,815,229508,1.0,34921,0.0,36481,65.0,13090,648,194429,72.0,13970,30.0,8019,481,86828,4,1026
357,12/6/2021,1972,546376,238,246714,390,229898,5.0,34926,6.0,36487,49.0,13139,297,194726,30.0,14000,14.0,8033,1344,88172,12,1038
358,12/7/2021,2480,548856,304,247018,374,230272,6.0,34932,8.0,36495,42.0,13181,293,195019,23.0,14023,16.0,8049,1799,89971,20,1058
359,12/8/2021,2258,551114,266,247284,437,230709,5.0,34937,12.0,36507,32.0,13213,359,195378,35.0,14058,11.0,8060,1561,91532,11,1069
360,12/9/2021,2193,553307,300,247584,399,231108,1.0,34938,8.0,36515,25.0,13238,305,195683,36.0,14094,33.0,8093,1490,93022,14,1083
361,12/10/2021,2115,555422,233,247817,329,231437,7.0,34945,8.0,36523,33.0,13271,246,195929,27.0,14121,23.0,8116,1543,94565,18,1101
362,12/11/2021,1801,557223,135,247952,458,231895,3.0,34948,1.0,36524,61.0,13332,336,196265,37.0,14158,24.0,8140,1202,95767,6,1107
363,12/12/2021,427,557650,54,248006,63,231958,1.0,34949,3.0,36527,4.0,13336,46,196311,7.0,14165,6.0,8146,310,96077,2,1109
364,12/13/2021,1773,559423,293,248299,346,232304,3.0,34952,7.0,36534,26.0,13362,275,196586,33.0,14198,12.0,8158,1143,97220,9,1118
365,12/14/2021,2217,561640,272,248571,258,232562,5.0,34957,3.0,36537,26.0,13388,203,196789,14.0,14212,15.0,8173,1687,98907,22,1140
366,12/15/2021,1762,563402,202,248773,153,232715,2.0,34959,4.0,36541,8.0,13396,119,196908,14.0,14226,12.0,8185,1409,100316,12,1152
367,12/16/2021,1836,565238,321,249094,171,232886,3.0,34962,7.0,36548,17.0,13413,139,197047,9.0,14235,6.0,8191,1338,101654,21,1173
368,12/17/2021,2137,567375,304,249398,350,233236,3.0,34965,10.0,36558,26.0,13439,278,197325,36.0,14271,10.0,8201,1475,103129,19,1192
369,12/18/2021,1829,569204,174,249572,179,233415,3.0,34968,4.0,36562,17.0,13456,149,197474,6.0,14277,7.0,8208,1454,104583,22,1214
370,12/19/2021,444,569648,42,249614,49,233464,1.0,34969,3.0,36565,5.0,13461,37,197511,3.0,14280,4.0,8212,350,104933,3,1217
371,12/20/2021,1594,571242,200,249814,176,233640,3.0,34972,9.0,36574,27.0,13488,129,197640,10.0,14290,10.0,8222,1212,106145,13,1230
372,12/21/2021,2231,573473,310,250124,174,233814,6.0,34978,8.0,36582,27.0,13515,119,197759,15.0,14305,13.0,8235,1741,107886,17,1247
373,12/22/2021,1911,575384,220,250344,198,234012,4.0,34982,9.0,36591,26.0,13541,148,197907,17.0,14322,7.0,8242,1480,109366,18,1265
374,12/23/2021,1274,576658,217,250561,145,234157,2.0,34984,4.0,36595,21.0,13562,98,198005,12.0,14334,14.0,8256,913,110279,11,1276
375,12/24/2021,326,576984,44,250605,50,234207,2.0,34986,2.0,36597,4.0,13566,41,198046,4.0,14338,1.0,8257,233,110512,1,1277
376,12/25/2021,16,577000,4,250609,2,234209,1.0,34987,0.0,36597,,13566,2,198048,0.0,14338,,8257,10,110522,0,1277
377,12/26/2021,358,577358,58,250667,57,234266,1.0,34988,0.0,36597,8.0,13574,41,198089,5.0,14343,3.0,8260,242,110764,4,1281
378,12/27/2021,1301,578659,182,250849,163,234429,4.0,34992,5.0,36602,17.0,13591,124,198213,15.0,14358,7.0,8267,947,111711,16,1297
379,12/28/2021,1931,580590,274,251123,200,234629,6.0,34998,12.0,36614,30.0,13621,140,198353,15.0,14373,15.0,8282,1441,113152,21,1318
380,12/29/2021,1729,582319,211,251334,176,234805,3.0,35001,7.0,36621,27.0,13648,126,198479,14.0,14387,9.0,8291,1337,114489,17,1335
381,12/30/2021,1401,583720,220,251554,169,234974,3.0,35004,8.0,36629,22.0,13670,126,198605,12.0,14399,9.0,8300,1006,115495,13,1348
382,12/31/2021,518,584238,94,251648,54,235028,0.0,35004,2.0,36631,7.0,13677,40,198645,3.0,14402,4.0,8304,361,115856,10,1358
383,1/1/2022,94,584332,11,251659,12,235040,0.0,35004,0.0,36631,0.0,13677,10,198655,1.0,14403,1.0,8305,66,115922,3,1361
384,1/2/2022,321,584653,46,251705,38,235078,0.0,35004,1.0,36632,7.0,13684,24,198679,7.0,14410,0.0,8305,237,116159,1,1362
385,1/3/2022,1624,586277,325,252030,293,235371,3.0,35007,5.0,36637,30.0,13714,234,198913,20.0,14430,9.0,8314,997,117156,17,1379
386,1/4/2022,1710,587987,262,252292,196,235567,7.0,35014,6.0,36643,27.0,13741,147,199060,13.0,14443,9.0,8323,1246,118402,17,1396
387,1/5/2022,1345,589332,204,252496,113,235680,2.0,35016,8.0,36651,8.0,13749,88,199148,6.0,14449,11.0,8334,1026,119428,13,1409
388,1/6/2022,1251,590583,258,252754,175,235855,2.0,35018,5.0,36656,24.0,13773,124,199272,6.0,14455,21.0,8355,814,120242,12,1421
389,1/7/2022,2066,592649,252,253006,241,236096,5.0,35023,8.0,36664,30.0,13803,179,199451,22.0,14477,10.0,8365,1571,121813,13,1434
390,1/8/2022,1593,594242,122,253128,89,236185,1.0,35024,3.0,36667,6.0,13809,70,199521,6.0,14483,7.0,8372,1365,123178,17,1451
391,1/9/2022,503,594745,91,253219,56,236241,0.0,35024,2.0,36669,13.0,13822,34,199555,3.0,14486,6.0,8378,351,123529,5,1456
392,1/10/2022,1572,596317,290,253509,131,236372,2.0,35026,6.0,36675,13.0,13835,98,199653,12.0,14498,8.0,8386,1149,124678,12,1468
393,1/11/2022,1586,597903,226,253735,197,236569,2.0,35028,4.0,36679,26.0,13861,148,199801,8.0,14506,15.0,8401,1158,125836,19,1487
394,1/12/2022,1405,599308,173,253908,106,236675,1.0,35029,5.0,36684,21.0,13882,66,199867,14.0,14520,5.0,8406,1119,126955,15,1502
395,1/13/2022,1113,600421,197,254105,125,236800,3.0,35032,3.0,36687,10.0,13892,87,199954,15.0,14535,13.0,8419,789,127744,8,1510
396,1/14/2022,1644,602065,273,254378,137,236937,1.0,35033,8.0,36695,20.0,13912,92,200046,17.0,14552,8.0,8427,1227,128971,19,1529
397,1/15/2022,1227,603292,138,254516,67,237004,0.0,35033,2.0,36697,6.0,13918,53,200099,7.0,14559,1.0,8428,1006,129977,16,1545
398,1/16/2022,293,603585,47,254563,25,237029,1.0,35034,0.0,36697,1.0,13919,20,200119,4.0,14563,0.0,8428,218,130195,2,1547
399,1/17/2022,803,604388,160,254723,91,237120,2.0,35036,5.0,36702,11.0,13930,69,200188,8.0,14571,3.0,8431,542,130737,12,1559
400,1/18/2022,889,605277,156,254879,114,237234,2.0,35038,5.0,36707,22.0,13952,82,200270,4.0,14575,6.0,8437,611,131348,16,1575
401,1/19/2022,768,606045,125,255004,92,237326,4.0,35042,7.0,36714,9.0,13961,66,200336,6.0,14581,11.0,8448,550,131898,11,1586
402,1/20/2022,839,606884,151,255155,125,237451,0.0,35042,11.0,36725,16.0,13977,89,200425,9.0,14590,11.0,8459,561,132459,8,1594
403,1/21/2022,1228,608112,175,255330,107,237558,2.0,35044,2.0,36727,11.0,13988,77,200502,7.0,14597,12.0,8471,941,133400,10,1604
404,1/22/2022,829,608941,92,255422,71,237629,0.0,35044,1.0,36728,12.0,14000,48,200550,4.0,14601,7.0,8478,640,134040,23,1627
405,1/23/2022,237,609178,29,255451,38,237667,1.0,35045,0.0,36728,4.0,14004,27,200577,7.0,14608,0.0,8478,170,134210,1,1628
406,1/24/2022,540,609718,85,255536,96,237763,1.0,35046,1.0,36729,14.0,14018,67,200644,8.0,14616,7.0,8485,354,134564,8,1636
407,1/25/2022,675,610393,117,255653,118,237881,3.0,35049,2.0,36731,11.0,14029,80,200724,20.0,14636,7.0,8492,422,134986,18,1654
408,1/26/2022,652,611045,104,255757,107,237988,5.0,35054,3.0,36734,11.0,14040,78,200802,11.0,14647,7.0,8499,437,135423,9,1663
409,1/27/2022,630,611675,115,255872,145,238133,3.0,35057,1.0,36735,26.0,14066,105,200907,7.0,14654,7.0,8506,360,135783,14,1677
410,1/28/2022,981,612656,162,256034,127,238260,4.0,35061,6.0,36741,18.0,14084,79,200986,13.0,14667,17.0,8523,673,136456,24,1701
411,1/29/2022,563,613219,64,256098,71,238331,1.0,35062,3.0,36744,9.0,14093,51,201037,8.0,14675,3.0,8526,418,136874,9,1710
412,1/30/2022,196,613415,33,256131,42,238373,1.0,35063,1.0,36745,15.0,14108,23,201060,1.0,14676,3.0,8529,121,136995,2,1712
413,1/31/2022,563,613978,134,256265,94,238467,3.0,35066,1.0,36746,14.0,14122,62,201122,9.0,14685,9.0,8538,325,137320,13,1725
414,2/1/2022,573,614551,100,256365,116,238583,1.0,35067,4.0,36750,22.0,14144,81,201203,10.0,14695,3.0,8541,334,137654,23,1748
415,2/2/2022,132,614683,20,256385,36,238619,0.0,35067,1.0,36751,2.0,14146,30,201233,2.0,14697,2.0,8543,76,137730,3,1751
416,2/3/2022,381,615064,77,256462,110,238729,1.0,35068,3.0,36754,23.0,14169,75,201308,6.0,14703,6.0,8549,192,137922,6,1757
417,2/4/2022,650,615714,113,256575,135,238864,7.0,35075,5.0,36759,18.0,14187,107,201415,4.0,14707,6.0,8555,360,138282,44,1801
418,2/5/2022,457,616171,59,256634,99,238963,2.0,35077,0.0,36759,7.0,14194,78,201493,5.0,14712,9.0,8564,279,138561,21,1822
419,2/6/2022,124,616295,20,256654,22,238985,0.0,35077,1.0,36760,1.0,14195,12,201505,6.0,14718,3.0,8567,78,138639,4,1826
420,2/7/2022,364,616659,62,256716,92,239077,1.0,35078,0.0,36760,10.0,14205,71,201576,4.0,14722,7.0,8574,204,138843,8,1834
421,2/8/2022,453,617112,86,256802,104,239181,2.0,35080,3.0,36763,19.0,14224,73,201649,5.0,14727,7.0,8581,232,139075,39,1873
422,2/9/2022,356,617468,61,256863,78,239259,3.0,35083,1.0,36764,16.0,14240,48,201697,2.0,14729,12.0,8593,204,139279,15,1888
423,2/10/2022,384,617852,85,256948,77,239336,2.0,35085,3.0,36767,15.0,14255,50,201747,6.0,14735,6.0,8599,212,139491,9,1897
424,2/11/2022,555,618407,83,257031,150,239486,3.0,35088,1.0,36768,27.0,14282,99,201846,9.0,14744,15.0,8614,294,139785,33,1930
425,2/12/2022,255,618662,41,257072,45,239531,0.0,35088,0.0,36768,5.0,14287,33,201879,5.0,14749,2.0,8616,154,139939,17,1947
426,2/13/2022,80,618742,18,257090,19,239550,0.0,35088,0.0,36768,0.0,14287,13,201892,4.0,14753,2.0,8618,40,139979,5,1952
427,2/14/2022,240,618982,38,257128,45,239595,2.0,35090,2.0,36770,10.0,14297,29,201921,2.0,14755,4.0,8622,149,140128,9,1961
428,2/15/2022,317,619299,48,257176,85,239680,0.0,35090,0.0,36770,15.0,14312,56,201977,6.0,14761,8.0,8630,153,140281,34,1995
429,2/16/2022,229,619528,41,257217,60,239740,3.0,35093,1.0,36771,12.0,14324,40,202017,5.0,14766,3.0,8633,107,140388,24,2019
430,2/17/2022,173,619701,30,257247,41,239781,0.0,35093,0.0,36771,8.0,14332,28,202045,4.0,14770,1.0,8634,90,140478,13,2032
431,2/18/2022,496,620197,105,257352,97,239878,1.0,35094,3.0,36774,14.0,14346,58,202103,14.0,14784,11.0,8645,266,140744,27,2059
432,2/19/2022,216,620413,26,257378,53,239931,0.0,35094,0.0,36774,9.0,14355,36,202139,2.0,14786,6.0,8651,120,140864,18,2077
433,2/20/2022,76,620489,17,257395,16,239947,0.0,35094,0.0,36774,0.0,14355,14,202153,0.0,14786,2.0,8653,38,140902,5,2082
434,2/21/2022,252,620741,56,257451,72,240019,2.0,35096,1.0,36775,16.0,14371,45,202198,4.0,14790,7.0,8660,117,141019,10,2092
435,2/22/2022,269,621010,49,257500,75,240094,5.0,35101,0.0,36775,6.0,14377,56,202254,5.0,14795,8.0,8668,121,141140,28,2120
436,2/23/2022,216,621226,45,257545,41,240135,1.0,35102,0.0,36775,4.0,14381,29,202283,4.0,14799,4.0,8672,118,141258,12,2132
437,2/24/2022,203,621429,31,257576,43,240178,0.0,35102,1.0,36776,8.0,14389,28,202311,1.0,14800,6.0,8678,117,141375,13,2145
438,2/25/2022,319,621748,55,257631,96,240274,2.0,35104,1.0,36777,13.0,14402,63,202374,12.0,14812,8.0,8686,147,141522,23,2168
439,2/26/2022,185,621933,26,257657,41,240315,1.0,35105,1.0,36778,2.0,14404,29,202403,6.0,14818,4.0,8690,106,141628,12,2180
440,2/27/2022,74,622007,16,257673,13,240328,0.0,35105,1.0,36779,0.0,14404,11,202414,1.0,14819,1.0,8691,43,141671,2,2182
441,2/28/2022,179,622186,48,257721,37,240365,0.0,35105,0.0,36779,8.0,14412,18,202432,5.0,14824,6.0,8697,84,141755,10,2192
442,3/1/2022,213,622399,33,257754,48,240413,4.0,35109,2.0,36781,3.0,14415,43,202475,2.0,14826,0.0,8697,105,141860,31,2223
443,3/2/2022,150,622549,27,257781,36,240449,2.0,35111,0.0,36781,4.0,14419,21,202496,6.0,14832,5.0,8702,77,141937,12,2235
444,3/3/2022,176,622725,36,257817,42,240491,3.0,35114,2.0,36783,10.0,14429,27,202523,3.0,14835,2.0,8704,90,142027,9,2244
445,3/4/2022,340,623065,52,257869,72,240563,4.0,35118,5.0,36788,13.0,14442,50,202573,4.0,14839,5.0,8709,179,142206,42,2286
446,3/5/2022,125,623190,22,257891,19,240582,0.0,35118,0.0,36788,5.0,14447,13,202586,1.0,14840,0.0,8709,72,142278,12,2298
447,3/6/2022,75,623265,28,257919,20,240602,0.0,35118,0.0,36788,2.0,14449,15,202601,1.0,14841,2.0,8711,25,142303,2,2300
448,3/7/2022,150,623415,26,257945,27,240629,1.0,35119,0.0,36788,9.0,14458,14,202615,2.0,14843,2.0,8713,88,142391,9,2309
449,3/8/2022,212,623627,32,257977,36,240665,0.0,35119,2.0,36790,5.0,14463,23,202638,3.0,14846,5.0,8718,106,142497,37,2346
450,3/9/2022,97,623724,12,257989,19,240684,2.0,35121,3.0,36793,3.0,14466,15,202653,0.0,14846,1.0,8719,62,142559,5,2351
451,3/10/2022,103,623827,27,258016,26,240710,1.0,35122,0.0,36793,2.0,14468,19,202672,2.0,14848,3.0,8722,48,142607,3,2354
452,3/11/2022,240,624067,39,258055,77,240787,5.0,35127,1.0,36794,15.0,14483,48,202720,8.0,14856,6.0,8728,89,142696,37,2391
453,3/12/2022,132,624199,26,258081,32,240819,1.0,35128,1.0,36795,3.0,14486,26,202746,1.0,14857,2.0,8730,61,142757,13,2404
454,3/13/2022,46,624245,6,258087,8,240827,0.0,35128,0.0,36795,0.0,14486,6,202752,2.0,14859,0.0,8730,30,142787,3,2407
455,3/14/2022,125,624370,14,258101,39,240866,0.0,35128,0.0,36795,7.0,14493,23,202775,8.0,14867,1.0,8731,64,142851,8,2415
456,3/15/2022,162,624532,30,258131,21,240887,0.0,35128,2.0,36797,4.0,14497,11,202786,4.0,14871,2.0,8733,74,142925,39,2454
457,3/16/2022,135,624667,30,258161,29,240916,0.0,35128,1.0,36798,2.0,14499,21,202807,3.0,14874,3.0,8736,68,142993,11,2465
458,3/17/2022,101,624768,20,258181,12,240928,1.0,35129,0.0,36798,1.0,14500,7,202814,2.0,14876,2.0,8738,60,143053,8,2473
459,3/18/2022,265,625033,22,258203,38,240966,1.0,35130,1.0,36799,2.0,14502,28,202842,6.0,14882,2.0,8740,118,143171,87,2560
460,3/19/2022,112,625145,7,258210,17,240983,1.0,35131,0.0,36799,3.0,14505,10,202852,2.0,14884,2.0,8742,58,143229,30,2590
461,3/20/2022,46,625191,5,258215,8,240991,0.0,35131,0.0,36799,,14505,8,202860,0.0,14884,0.0,8742,24,143253,9,2599
462,3/21/2022,111,625302,11,258226,33,241024,0.0,35131,1.0,36800,5.0,14510,16,202876,7.0,14891,5.0,8747,61,143314,7,2606
463,3/22/2022,162,625464,16,258242,19,241043,1.0,35132,2.0,36802,1.0,14511,16,202892,1.0,14892,1.0,8748,64,143378,64,2670
464,3/23/2022,108,625572,7,258249,25,241068,0.0,35132,0.0,36802,4.0,14515,15,202907,4.0,14896,2.0,8750,62,143440,15,2685
465,3/24/2022,115,625687,17,258266,24,241092,0.0,35132,2.0,36804,4.0,14519,18,202925,1.0,14897,1.0,8751,68,143508,7,2692
466,3/25/2022,212,625899,26,258292,32,241124,0.0,35132,1.0,36805,6.0,14525,21,202946,2.0,14899,3.0,8754,105,143613,49,2741
467,3/26/2022,98,625997,6,258298,13,241137,0.0,35132,0.0,36805,0.0,14525,12,202958,1.0,14900,0.0,8754,41,143654,36,2777
468,3/27/2022,31,626028,8,258306,4,241141,0.0,35132,0.0,36805,0.0,14525,3,202961,0.0,14900,1.0,8755,16,143670,3,2780
469,3/28/2022,88,626116,13,258319,15,241156,0.0,35132,0.0,36805,1.0,14526,12,202973,2.0,14902,0.0,8755,49,143719,11,2791
470,3/29/2022,240,626356,17,258336,20,241176,2.0,35134,0.0,36805,1.0,14527,14,202987,0.0,14902,5.0,8760,67,143786,137,2928
471,3/30/2022,376,626732,24,258360,23,241199,4.0,35138,2.0,36807,3.0,14530,17,203004,2.0,14904,1.0,8761,65,143851,263,3191
472,3/31/2022,595,627327,30,258390,42,241241,4.0,35142,1.0,36808,4.0,14534,33,203037,2.0,14906,3.0,8764,89,143940,435,3626
473,4/1/2022,855,628182,34,258424,37,241278,3.0,35145,3.0,36811,5.0,14539,27,203064,2.0,14908,3.0,8767,92,144032,688,4314
474,4/2/2022,650,628832,15,258439,25,241303,4.0,35149,1.0,36812,1.0,14540,21,203085,0.0,14908,3.0,8770,61,144093,549,4863
475,4/3/2022,143,628975,6,258445,5,241308,0.0,35149,1.0,36813,0.0,14540,3,203088,2.0,14910,0.0,8770,18,144111,114,4977
476,4/4/2022,489,629464,19,258464,24,241332,6.0,35155,2.0,36815,2.0,14542,21,203109,1.0,14911,0.0,8770,65,144176,381,5358
477,4/5/2022,870,630334,37,258501,29,241361,1.0,35156,5.0,36820,4.0,14546,22,203131,1.0,14912,2.0,8772,59,144235,745,6103
478,4/6/2022,509,630843,24,258525,31,241392,6.0,35162,5.0,36825,0.0,14546,28,203159,1.0,14913,2.0,8774,46,144281,411,6514
479,4/7/2022,643,631486,31,258556,22,241414,3.0,35165,7.0,36832,2.0,14548,13,203172,3.0,14916,4.0,8778,59,144340,533,7047
480,4/8/2022,1132,632618,47,258603,41,241455,6.0,35171,8.0,36840,5.0,14553,31,203203,3.0,14919,2.0,8780,97,144437,941,7988
481,4/9/2022,677,633295,35,258638,16,241471,4.0,35175,4.0,36844,3.0,14556,10,203213,2.0,14921,1.0,8781,42,144479,582,8570
482,4/10/2022,188,633483,15,258653,6,241477,1.0,35176,2.0,36846,0.0,14556,6,203219,0.0,14921,0.0,8781,33,144512,134,8704
483,4/11/2022,635,634118,21,258674,29,241506,2.0,35178,3.0,36849,3.0,14559,20,203239,3.0,14924,3.0,8784,55,144567,528,9232
484,4/12/2022,856,634974,30,258704,27,241533,9.0,35187,5.0,36854,4.0,14563,20,203259,3.0,14927,0.0,8784,61,144628,736,9968
485,4/13/2022,665,635639,32,258736,23,241556,5.0,35192,6.0,36860,0.0,14563,21,203280,1.0,14928,1.0,8785,63,144691,546,10514
486,4/14/2022,594,636233,26,258762,23,241579,4.0,35196,0.0,36860,4.0,14567,13,203293,2.0,14930,4.0,8789,91,144782,458,10972
487,4/15/2022,927,637160,40,258802,45,241624,5.0,35201,4.0,36864,10.0,14577,31,203324,3.0,14933,1.0,8790,89,144871,751,11723
488,4/16/2022,498,637658,19,258821,17,241641,2.0,35203,0.0,36864,2.0,14579,13,203337,2.0,14935,0.0,8790,38,144909,424,12147
489,4/17/2022,70,637728,8,258829,5,241646,2.0,35205,1.0,36865,0.0,14579,4,203341,0.0,14935,1.0,8791,12,144921,45,12192
490,4/18/2022,562,638290,39,258868,26,241672,9.0,35214,5.0,36870,3.0,14582,21,203362,1.0,14936,1.0,8792,61,144982,437,12629
491,4/19/2022,802,639092,43,258911,32,241704,10.0,35224,9.0,36879,2.0,14584,26,203388,3.0,14939,1.0,8793,80,145062,650,13279
492,4/20/2022,475,639567,22,258933,24,241728,3.0,35227,3.0,36882,6.0,14590,17,203405,1.0,14940,0.0,8793,47,145109,383,13662
493,4/21/2022,469,640036,22,258955,31,241759,8.0,35235,2.0,36884,2.0,14592,25,203430,3.0,14943,1.0,8794,44,145153,375,14037
494,4/22/2022,698,640734,25,258980,37,241796,2.0,35237,3.0,36887,4.0,14596,30,203460,3.0,14946,0.0,8794,65,145218,570,14607
495,4/23/2022,624,641358,20,259000,25,241821,9.0,35246,3.0,36890,1.0,14597,20,203480,2.0,14948,2.0,8796,62,145280,518,15125
496,4/24/2022,110,641468,8,259008,6,241827,0.0,35246,2.0,36892,0.0,14597,5,203485,0.0,14948,1.0,8797,21,145301,75,15200
497,4/25/2022,386,641854,28,259036,15,241842,3.0,35249,4.0,36896,4.0,14601,10,203495,0.0,14948,1.0,8798,46,145347,297,15497
498,4/26/2022,553,642407,26,259062,24,241866,3.0,35252,2.0,36898,2.0,14603,17,203512,2.0,14950,3.0,8801,73,145420,429,15926
499,4/27/2022,471,642878,21,259083,23,241889,8.0,35260,4.0,36902,2.0,14605,15,203527,2.0,14952,4.0,8805,65,145485,362,16288
500,4/28/2022,469,643347,32,259115,28,241917,7.0,35267,4.0,36906,3.0,14608,19,203546,2.0,14954,4.0,8809,43,145528,367,16655
501,4/29/2022,760,644107,29,259144,34,241951,4.0,35271,2.0,36908,6.0,14614,24,203570,2.0,14956,2.0,8811,70,145598,624,17279
502,4/30/2022,392,644499,6,259150,19,241970,1.0,35272,0.0,36908,1.0,14615,18,203588,0.0,14956,0.0,8811,45,145643,322,17601
503,5/1/2022,101,644600,12,259162,12,241982,0.0,35272,2.0,36910,1.0,14616,9,203597,0.0,14956,2.0,8813,16,145659,61,17662
504,5/2/2022,375,644975,20,259182,19,242001,0.0,35272,5.0,36915,2.0,14618,12,203609,3.0,14959,2.0,8815,55,145714,283,17945
505,5/3/2022,652,645627,30,259212,30,242031,5.0,35277,6.0,36921,3.0,14621,25,203634,2.0,14961,0.0,8815,75,145789,520,18465
506,5/4/2022,518,646145,25,259237,27,242058,4.0,35281,5.0,36926,4.0,14625,19,203653,2.0,14963,2.0,8817,65,145854,396,18861
507,5/5/2022,406,646551,18,259255,20,242078,3.0,35284,3.0,36929,2.0,14627,14,203667,3.0,14966,1.0,8818,50,145904,318,19179
508,5/6/2022,621,647172,34,259289,35,242113,3.0,35287,3.0,36932,5.0,14632,27,203694,2.0,14968,1.0,8819,65,145969,483,19662
509,5/7/2022,373,647545,17,259306,22,242135,1.0,35288,1.0,36933,2.0,14634,17,203711,1.0,14969,2.0,8821,42,146011,291,19953
510,5/8/2022,72,647617,4,259310,7,242142,0.0,35288,0.0,36933,0.0,14634,4,203715,1.0,14970,2.0,8823,13,146024,48,20001
511,5/9/2022,402,648019,26,259336,16,242158,3.0,35291,1.0,36934,1.0,14635,11,203726,2.0,14972,2.0,8825,55,146079,304,20305
512,5/10/2022,601,648620,28,259364,34,242192,13.0,35304,4.0,36938,3.0,14638,25,203751,2.0,14974,4.0,8829,82,146161,454,20759
513,5/11/2022,400,649020,28,259392,26,242218,8.0,35312,4.0,36942,6.0,14644,13,203764,3.0,14977,4.0,8833,33,146194,313,21072
514,5/12/2022,330,649350,19,259411,20,242238,3.0,35315,2.0,36944,0.0,14644,18,203782,2.0,14979,0.0,8833,47,146241,243,21315
515,5/13/2022,652,650002,23,259434,39,242277,6.0,35321,3.0,36947,4.0,14648,27,203809,2.0,14981,6.0,8839,87,146328,500,21815
516,5/14/2022,382,650384,17,259451,12,242289,1.0,35322,3.0,36950,1.0,14649,10,203819,1.0,14982,0.0,8839,32,146360,320,22135
517,5/15/2022,126,650510,6,259457,4,242293,0.0,35322,0.0,36950,0.0,14649,4,203823,0.0,14982,0.0,8839,17,146377,98,22233
518,5/16/2022,452,650962,25,259482,24,242317,0.0,35322,1.0,36951,5.0,14654,16,203839,1.0,14983,2.0,8841,74,146451,326,22559
519,5/17/2022,525,651487,26,259508,24,242341,7.0,35329,4.0,36955,0.0,14654,20,203859,0.0,14983,4.0,8845,66,146517,408,22967
520,5/18/2022,320,651807,11,259519,16,242357,4.0,35333,0.0,36955,4.0,14658,11,203870,0.0,14983,1.0,8846,39,146556,251,23218
521,5/19/2022,477,652284,26,259545,25,242382,3.0,35336,4.0,36959,5.0,14663,18,203888,0.0,14983,2.0,8848,55,146611,367,23585
522,5/20/2022,724,653008,22,259567,33,242415,5.0,35341,4.0,36963,3.0,14666,27,203915,2.0,14985,1.0,8849,111,146722,557,24142
523,5/21/2022,485,653493,20,259587,14,242429,3.0,35344,4.0,36967,0.0,14666,13,203928,1.0,14986,0.0,8849,69,146791,381,24523
524,5/22/2022,172,653665,6,259593,5,242434,1.0,35345,0.0,36967,0.0,14666,3,203931,2.0,14988,0.0,8849,36,146827,123,24646
525,5/23/2022,532,654197,23,259616,18,242452,1.0,35346,2.0,36969,1.0,14667,15,203946,0.0,14988,2.0,8851,113,146940,378,25024
526,5/24/2022,601,654798,49,259665,25,242477,5.0,35351,6.0,36975,2.0,14669,16,203962,0.0,14988,7.0,8858,81,147021,449,25473
527,5/25/2022,428,655226,23,259688,20,242497,3.0,35354,6.0,36981,0.0,14669,13,203975,6.0,14994,1.0,8859,71,147092,311,25784
528,5/26/2022,428,655654,20,259708,22,242519,4.0,35358,6.0,36987,2.0,14671,16,203991,1.0,14995,3.0,8862,99,147191,288,26072
529,5/27/2022,886,656540,25,259733,39,242558,7.0,35365,3.0,36990,5.0,14676,29,204020,3.0,14998,2.0,8864,165,147356,654,26726
530,5/28/2022,311,656851,10,259743,11,242569,1.0,35366,0.0,36990,0.0,14676,10,204030,0.0,14998,1.0,8865,29,147385,258,26984
531,5/29/2022,141,656992,4,259747,7,242576,0.0,35366,2.0,36992,1.0,14677,6,204036,0.0,14998,0.0,8865,40,147425,88,27072
532,5/30/2022,31,657023,1,259748,0,242576,0.0,35366,0.0,36992,0.0,14677,0,204036,0.0,14998,,8865,3,147428,27,27099
533,5/31/2022,812,657835,30,259778,28,242604,8.0,35374,6.0,36998,2.0,14679,22,204058,3.0,15001,1.0,8866,116,147544,636,27735
534,6/1/2022,591,658426,31,259809,22,242626,6.0,35380,3.0,37001,1.0,14680,18,204076,2.0,15003,1.0,8867,83,147627,454,28189
535,6/2/2022,681,659107,20,259829,30,242656,4.0,35384,0.0,37001,4.0,14684,22,204098,2.0,15005,2.0,8869,79,147706,550,28739
536,6/3/2022,972,660079,30,259859,25,242681,6.0,35390,6.0,37007,3.0,14687,20,204118,2.0,15007,0.0,8869,119,147825,796,29535
537,6/4/2022,694,660773,19,259878,26,242707,5.0,35395,1.0,37008,1.0,14688,25,204143,0.0,15007,0.0,8869,68,147893,577,30112
538,6/5/2022,132,660905,4,259882,5,242712,0.0,35395,0.0,37008,1.0,14689,3,204146,1.0,15008,0.0,8869,19,147912,104,30216
539,6/6/2022,577,661482,23,259905,25,242737,2.0,35397,1.0,37009,5.0,14694,19,204165,0.0,15008,1.0,8870,66,147978,459,30675
540,6/7/2022,779,662261,31,259936,39,242776,5.0,35402,3.0,37012,5.0,14699,32,204197,1.0,15009,1.0,8871,123,148101,581,31256
541,6/8/2022,394,662655,28,259964,19,242795,2.0,35404,3.0,37015,1.0,14700,15,204212,0.0,15009,3.0,8874,54,148155,291,31547
542,6/9/2022,450,663105,15,259979,15,242810,4.0,35408,1.0,37016,3.0,14703,12,204224,0.0,15009,0.0,8874,70,148225,350,31897
543,6/10/2022,729,663834,27,260006,36,242846,1.0,35409,1.0,37017,3.0,14706,29,204253,2.0,15011,2.0,8876,104,148329,561,32458
544,6/11/2022,373,664207,11,260017,15,242861,2.0,35411,2.0,37019,0.0,14706,11,204264,2.0,15013,2.0,8878,58,148387,288,32746
545,6/12/2022,127,664334,4,260021,3,242864,1.0,35412,0.0,37019,1.0,14707,2,204266,0.0,15013,0.0,8878,28,148415,91,32837
546,6/13/2022,503,664837,20,260041,35,242899,3.0,35415,1.0,37020,3.0,14710,25,204291,3.0,15016,4.0,8882,85,148500,361,33198
547,6/14/2022,576,665413,32,260073,26,242925,4.0,35419,4.0,37024,2.0,14712,20,204311,2.0,15018,2.0,8884,100,148600,416,33614
548,6/15/2022,363,665776,15,260088,25,242950,2.0,35421,3.0,37027,4.0,14716,18,204329,1.0,15019,2.0,8886,70,148670,250,33864
549,6/16/2022,380,666156,12,260100,21,242971,8.0,35429,2.0,37029,0.0,14716,18,204347,2.0,15021,1.0,8887,63,148733,279,34143
550,6/17/2022,688,666844,33,260133,16,242987,3.0,35432,6.0,37035,1.0,14717,13,204360,1.0,15022,1.0,8888,86,148819,546,34689
551,6/18/2022,331,667175,7,260140,13,243000,3.0,35435,1.0,37036,0.0,14717,10,204370,1.0,15023,2.0,8890,46,148865,264,34953
552,6/19/2022,53,667228,2,260142,2,243002,0.0,35435,0.0,37036,0.0,14717,2,204372,0.0,15023,0.0,8890,13,148878,36,34989
553,6/20/2022,401,667629,28,260170,21,243023,5.0,35440,7.0,37043,2.0,14719,17,204389,2.0,15025,0.0,8890,73,148951,279,35268
554,6/21/2022,437,668066,24,260194,18,243041,1.0,35441,5.0,37048,0.0,14719,15,204404,0.0,15025,3.0,8893,81,149032,313,35581
555,6/22/2022,311,668377,42,260236,11,243052,0.0,35441,1.0,37049,1.0,14720,8,204412,1.0,15026,1.0,8894,64,149096,191,35772
556,6/23/2022,386,668763,102,260338,19,243071,4.0,35445,3.0,37052,2.0,14722,13,204425,0.0,15026,4.0,8898,57,149153,207,35979
557,6/24/2022,499,669262,106,260444,32,243103,0.0,35445,0.0,37052,3.0,14725,23,204448,5.0,15031,1.0,8899,68,149221,289,36268
558,6/25/2022,286,669548,30,260474,12,243115,0.0,35445,1.0,37053,1.0,14726,11,204459,0.0,15031,0.0,8899,45,149266,196,36464
559,6/26/2022,79,669627,14,260488,5,243120,0.0,35445,0.0,37053,0.0,14726,1,204460,4.0,15035,0.0,8899,17,149283,43,36507
560,6/27/2022,270,669897,64,260552,14,243134,3.0,35448,4.0,37057,1.0,14727,10,204470,2.0,15037,1.0,8900,41,149324,149,36656
561,6/28/2022,411,670308,94,260646,30,243164,2.0,35450,2.0,37059,3.0,14730,23,204493,2.0,15039,2.0,8902,60,149384,229,36885
562,6/29/2022,274,670582,68,260714,15,243179,1.0,35451,2.0,37061,5.0,14735,9,204502,0.0,15039,1.0,8903,53,149437,139,37024
563,6/30/2022,345,670927,79,260793,11,243190,3.0,35454,2.0,37063,1.0,14736,10,204512,0.0,15039,0.0,8903,55,149492,196,37220
564,7/1/2022,447,671374,109,260902,13,243203,3.0,35457,4.0,37067,2.0,14738,10,204522,0.0,15039,1.0,8904,67,149559,253,37473
565,7/2/2022,80,671454,11,260913,1,243204,0.0,35457,2.0,37069,0.0,14738,1,204523,0.0,15039,0.0,8904,18,149577,50,37523
566,7/3/2022,21,671475,2,260915,4,243208,0.0,35457,0.0,37069,,14738,3,204526,0.0,15039,1.0,8905,4,149581,11,37534
