,Date,daily number of doses received by Larimer County residents,total number of doses recevied by residents,daily number of residents receiving first dose,total number of residents receiving first dose,daily number of residents vaccinated,total number of residents vaccinated,daily number of 70+ vaccinated,total number of 70+ vaccinated,daily number of 70+ at least one dose,total number of 70+ at least one dose,daily number of Latinx residents vaccinated,total of Latinx residents vaccinated,daily number of White non-Latinx residents vaccinated,total of White non-Latinx residents vaccinated,daily number of non-White non-Latinx residents vaccinated,total of non-White non-Latinx residents vaccinated,dailyUnknown,totalUnknown,daily_additional_doses,total_additional_doses
0,12/14/2020,32,32,32,32,1,1,0.0,0,1.0,1,0.0,0,1,1,0.0,0,,0,0,0
1,12/15/2020,14,46,14,46,0,1,,0,,1,,0,0,1,0.0,0,,0,0,0
2,12/16/2020,304,350,304,350,0,1,0.0,0,2.0,3,0.0,0,0,1,0.0,0,0.0,0,0,0
3,12/17/2020,991,1341,991,1341,0,1,0.0,0,11.0,14,0.0,0,0,1,0.0,0,0.0,0,0,0
4,12/18/2020,1053,2394,1053,2394,2,3,0.0,0,15.0,29,0.0,0,2,3,0.0,0,0.0,0,0,0
5,12/19/2020,722,3116,722,3116,0,3,0.0,0,14.0,43,0.0,0,0,3,0.0,0,0.0,0,0,0
6,12/20/2020,266,3382,266,3382,0,3,0.0,0,4.0,47,0.0,0,0,3,0.0,0,0.0,0,0,0
7,12/21/2020,358,3740,358,3740,3,6,0.0,0,3.0,50,0.0,0,3,6,0.0,0,0.0,0,0,0
8,12/22/2020,364,4104,364,4104,0,6,0.0,0,7.0,57,0.0,0,0,6,0.0,0,0.0,0,0,0
9,12/23/2020,441,4545,441,4545,0,6,0.0,0,6.0,63,0.0,0,0,6,0.0,0,0.0,0,0,0
10,12/24/2020,105,4650,105,4650,0,6,0.0,0,3.0,66,0.0,0,0,6,0.0,0,0.0,0,0,0
11,12/25/2020,1,4651,1,4651,0,6,,0,,66,,0,0,6,,0,,0,0,0
12,12/26/2020,228,4879,228,4879,1,7,0.0,0,3.0,69,0.0,0,1,7,0.0,0,0.0,0,0,0
13,12/27/2020,278,5157,278,5157,0,7,0.0,0,197.0,266,0.0,0,0,7,0.0,0,,0,0,0
14,12/28/2020,707,5864,707,5864,0,7,0.0,0,385.0,651,0.0,0,0,7,0.0,0,0.0,0,0,0
15,12/29/2020,914,6778,913,6777,1,8,0.0,0,462.0,1113,0.0,0,1,8,0.0,0,0.0,0,0,0
16,12/30/2020,883,7661,883,7660,0,8,0.0,0,273.0,1386,0.0,0,0,8,0.0,0,0.0,0,0,0
17,12/31/2020,895,8556,895,8555,0,8,0.0,0,342.0,1728,0.0,0,0,8,0.0,0,0.0,0,0,0
18,1/1/2021,4,8560,3,8558,1,9,,0,,1728,,0,1,9,,0,,0,0,0
19,1/2/2021,393,8953,393,8951,1,10,0.0,0,141.0,1869,0.0,0,1,10,0.0,0,0.0,0,0,0
20,1/3/2021,122,9075,122,9073,0,10,0.0,0,52.0,1921,0.0,0,0,10,0.0,0,0.0,0,0,0
21,1/4/2021,588,9663,575,9648,13,23,0.0,0,320.0,2241,0.0,0,11,21,2.0,2,0.0,0,0,0
22,1/5/2021,646,10309,637,10285,10,33,0.0,0,409.0,2650,0.0,0,9,30,1.0,3,0.0,0,0,0
23,1/6/2021,1232,11541,914,11199,317,350,4.0,4,516.0,3166,17.0,17,279,309,17.0,20,4.0,4,0,0
24,1/7/2021,1657,13198,701,11900,953,1303,12.0,16,405.0,3571,34.0,51,862,1171,42.0,62,15.0,19,0,0
25,1/8/2021,1990,15188,981,12881,1004,2307,12.0,28,478.0,4049,47.0,98,894,2065,43.0,105,20.0,39,1,1
26,1/9/2021,1227,16415,528,13409,689,2996,14.0,42,302.0,4351,16.0,114,624,2689,37.0,142,12.0,51,0,1
27,1/10/2021,702,17117,427,13836,274,3270,4.0,46,260.0,4611,10.0,124,247,2936,14.0,156,3.0,54,0,1
28,1/11/2021,1149,18266,798,14634,351,3621,1.0,47,535.0,5146,10.0,134,319,3255,19.0,175,3.0,57,0,1
29,1/12/2021,1175,19441,878,15512,296,3917,8.0,55,517.0,5663,14.0,148,256,3511,18.0,193,8.0,65,1,2
30,1/13/2021,1077,20518,831,16343,246,4163,1.0,56,376.0,6039,23.0,171,200,3711,15.0,208,8.0,73,0,2
31,1/14/2021,870,21388,835,17178,35,4198,1.0,57,495.0,6534,2.0,173,31,3742,1.0,209,1.0,74,0,2
32,1/15/2021,1218,22606,1206,18384,12,4210,0.0,57,760.0,7294,0.0,173,12,3754,0.0,209,0.0,74,0,2
33,1/16/2021,984,23590,970,19354,14,4224,1.0,58,585.0,7879,0.0,173,13,3767,1.0,210,0.0,74,0,2
34,1/17/2021,52,23642,47,19401,5,4229,0.0,58,18.0,7897,0.0,173,3,3770,2.0,212,0.0,74,0,2
35,1/18/2021,1017,24659,814,20215,201,4430,48.0,106,600.0,8497,8.0,181,175,3945,13.0,225,5.0,79,2,4
36,1/19/2021,1257,25916,1116,21331,140,4570,9.0,115,737.0,9234,7.0,188,120,4065,6.0,231,7.0,86,0,4
37,1/20/2021,1421,27337,1202,22533,217,4787,17.0,132,570.0,9804,15.0,203,176,4241,9.0,240,17.0,103,1,5
38,1/21/2021,2252,29589,2042,24575,210,4997,7.0,139,1587.0,11391,13.0,216,175,4416,15.0,255,7.0,110,0,5
39,1/22/2021,1736,31325,1461,26036,274,5271,89.0,228,1091.0,12482,34.0,250,221,4637,13.0,268,6.0,116,0,5
40,1/23/2021,896,32221,560,26596,335,5606,58.0,286,416.0,12898,8.0,258,306,4943,13.0,281,8.0,124,0,5
41,1/24/2021,393,32614,104,26700,287,5893,207.0,493,61.0,12959,8.0,266,270,5213,9.0,290,,124,0,5
42,1/25/2021,1405,34019,785,27485,614,6507,364.0,857,555.0,13514,14.0,280,573,5786,15.0,305,12.0,136,0,5
43,1/26/2021,1623,35642,692,28177,926,7433,462.0,1319,440.0,13954,30.0,310,850,6636,33.0,338,13.0,149,0,5
44,1/27/2021,1840,37482,773,28950,1064,8497,538.0,1857,335.0,14289,39.0,349,970,7606,45.0,383,10.0,159,0,5
45,1/28/2021,1343,38825,537,29487,803,9300,355.0,2212,295.0,14584,25.0,374,734,8340,28.0,411,16.0,175,2,7
46,1/29/2021,1627,40452,1151,30638,473,9773,157.0,2369,825.0,15409,21.0,395,410,8750,32.0,443,10.0,185,0,7
47,1/30/2021,1231,41683,736,31374,492,10265,213.0,2582,599.0,16008,24.0,419,442,9192,20.0,463,6.0,191,0,7
48,1/31/2021,622,42305,398,31772,223,10488,76.0,2658,353.0,16361,5.0,424,197,9389,15.0,478,6.0,197,1,8
49,2/1/2021,1604,43909,900,32672,704,11192,469.0,3127,656.0,17017,17.0,441,651,10040,26.0,504,10.0,207,1,9
50,2/2/2021,1861,45770,729,33401,1131,12323,737.0,3864,581.0,17598,42.0,483,1045,11085,34.0,538,10.0,217,0,9
51,2/3/2021,1268,47038,584,33985,682,13005,323.0,4187,226.0,17824,48.0,531,580,11665,42.0,580,12.0,229,0,9
52,2/4/2021,2534,49572,1791,35776,738,13743,494.0,4681,1550.0,19374,29.0,560,662,12327,37.0,617,10.0,239,1,10
53,2/5/2021,2579,52151,1533,37309,1036,14779,684.0,5365,1306.0,20680,38.0,598,951,13278,29.0,646,18.0,257,2,12
54,2/6/2021,2218,54369,1598,38907,614,15393,442.0,5807,1242.0,21922,7.0,605,583,13861,22.0,668,2.0,259,0,12
55,2/7/2021,232,54601,89,38996,141,15534,94.0,5901,26.0,21948,7.0,612,125,13986,4.0,672,5.0,264,1,13
56,2/8/2021,2484,57085,1596,40592,886,16420,601.0,6502,1138.0,23086,26.0,638,815,14801,28.0,700,17.0,281,0,13
57,2/9/2021,2385,59470,1541,42133,842,17262,514.0,7016,992.0,24078,25.0,663,757,15558,32.0,732,28.0,309,0,13
58,2/10/2021,1583,61053,969,43102,611,17873,321.0,7337,288.0,24366,26.0,689,544,16102,25.0,757,16.0,325,4,17
59,2/11/2021,3533,64586,1997,45099,1529,19402,1058.0,8395,808.0,25174,56.0,745,1396,17498,49.0,806,28.0,353,1,18
60,2/12/2021,3262,67848,1810,46909,1444,20846,953.0,9348,800.0,25974,62.0,807,1327,18825,42.0,848,13.0,366,0,18
61,2/13/2021,2997,70845,2364,49273,627,21473,309.0,9657,672.0,26646,15.0,822,578,19403,23.0,871,11.0,377,2,20
62,2/14/2021,421,71266,350,49623,71,21544,49.0,9706,45.0,26691,2.0,824,64,19467,3.0,874,2.0,379,0,20
63,2/15/2021,2621,73887,2129,51752,490,22034,324.0,10030,256.0,26947,17.0,841,459,19926,12.0,886,2.0,381,0,20
64,2/16/2021,2749,76636,1917,53669,831,22865,502.0,10532,231.0,27178,35.0,876,756,20682,24.0,910,16.0,397,0,20
65,2/17/2021,1632,78268,655,54324,973,23838,480.0,11012,155.0,27333,29.0,905,887,21569,37.0,947,20.0,417,0,20
66,2/18/2021,2639,80907,1673,55997,959,24797,736.0,11748,275.0,27608,37.0,942,883,22452,30.0,977,9.0,426,1,21
67,2/19/2021,2421,83328,1029,57026,1380,26177,1020.0,12768,154.0,27762,45.0,987,1277,23729,43.0,1020,15.0,441,3,24
68,2/20/2021,1651,84979,688,57714,960,27137,785.0,13553,134.0,27896,22.0,1009,900,24629,28.0,1048,10.0,451,1,25
69,2/21/2021,108,85087,40,57754,67,27204,37.0,13590,8.0,27904,1.0,1010,64,24693,2.0,1050,0.0,451,0,25
70,2/22/2021,2022,87109,761,58515,1254,28458,929.0,14519,146.0,28050,37.0,1047,1169,25862,38.0,1088,10.0,461,1,26
71,2/23/2021,1221,88330,516,59031,705,29163,471.0,14990,160.0,28210,21.0,1068,636,26498,35.0,1123,13.0,474,0,26
72,2/24/2021,1406,89736,749,59780,651,29814,277.0,15267,135.0,28345,31.0,1099,596,27094,19.0,1142,5.0,479,1,27
73,2/25/2021,3864,93600,2069,61849,1792,31606,1510.0,16777,351.0,28696,47.0,1146,1692,28786,36.0,1178,17.0,496,0,27
74,2/26/2021,3267,96867,1155,63004,2108,33714,1748.0,18525,200.0,28896,33.0,1179,1986,30772,59.0,1237,30.0,526,2,29
75,2/27/2021,3496,100363,1663,64667,1830,35544,1567.0,20092,544.0,29440,36.0,1215,1716,32488,52.0,1289,26.0,552,1,30
76,2/28/2021,424,100787,355,65022,68,35612,42.0,20134,114.0,29554,2.0,1217,62,32550,2.0,1291,2.0,554,0,30
77,3/1/2021,2816,103603,1343,66365,1466,37078,1077.0,21211,300.0,29854,53.0,1270,1355,33905,46.0,1337,12.0,566,6,36
78,3/2/2021,3255,106858,1727,68092,1524,38602,1050.0,22261,385.0,30239,38.0,1308,1415,35320,44.0,1381,27.0,593,1,37
79,3/3/2021,1655,108513,1090,69182,563,39165,176.0,22437,203.0,30442,32.0,1340,503,35823,24.0,1405,4.0,597,0,37
80,3/4/2021,3005,111518,1582,70764,1425,40590,816.0,23253,171.0,30613,43.0,1383,1309,37132,53.0,1458,20.0,617,25,62
81,3/5/2021,3481,114999,2054,72818,1436,42026,814.0,24067,426.0,31039,38.0,1421,1330,38462,44.0,1502,24.0,641,26,88
82,3/6/2021,4103,119102,2320,75138,2002,44028,757.0,24824,268.0,31307,96.0,1517,1794,40256,78.0,1580,34.0,675,578,666
83,3/7/2021,415,119517,298,75436,126,44154,37.0,24861,20.0,31327,1.0,1518,120,40376,3.0,1583,2.0,677,23,689
84,3/8/2021,2817,122334,1052,76488,1775,45929,261.0,25122,74.0,31401,49.0,1567,1640,42016,62.0,1645,24.0,701,123,812
85,3/9/2021,3177,125511,1651,78139,1543,47472,258.0,25380,96.0,31497,50.0,1617,1404,43420,64.0,1709,25.0,726,74,886
86,3/10/2021,2381,127892,1365,79504,1025,48497,301.0,25681,83.0,31580,54.0,1671,922,44342,32.0,1741,17.0,743,64,950
87,3/11/2021,4180,132072,2382,81886,1805,50302,400.0,26081,135.0,31715,63.0,1734,1655,45997,66.0,1807,21.0,764,77,1027
88,3/12/2021,3948,136020,2577,84463,1394,51696,198.0,26279,67.0,31782,68.0,1802,1239,47236,53.0,1860,34.0,798,68,1095
89,3/13/2021,215,136235,132,84595,100,51796,20.0,26299,7.0,31789,1.0,1803,93,47329,4.0,1864,2.0,800,29,1124
90,3/14/2021,100,136335,61,84656,38,51834,9.0,26308,0.0,31789,1.0,1804,35,47364,1.0,1865,1.0,801,2,1126
91,3/15/2021,893,137228,359,85015,535,52369,85.0,26393,15.0,31804,19.0,1823,492,47856,17.0,1882,7.0,808,18,1144
92,3/16/2021,3288,140516,2117,87132,1177,53546,227.0,26620,45.0,31849,64.0,1887,1050,48906,41.0,1923,22.0,830,30,1174
93,3/17/2021,2906,143422,1788,88920,1127,54673,238.0,26858,88.0,31937,40.0,1927,1033,49939,35.0,1958,19.0,849,30,1204
94,3/18/2021,4001,147423,2089,91009,1925,56598,338.0,27196,91.0,32028,97.0,2024,1742,51681,64.0,2022,22.0,871,21,1225
95,3/19/2021,3009,150432,1755,92764,1256,57854,220.0,27416,42.0,32070,60.0,2084,1131,52812,46.0,2068,19.0,890,16,1241
96,3/20/2021,3082,153514,1966,94730,1118,58972,313.0,27729,54.0,32124,37.0,2121,1006,53818,54.0,2122,21.0,911,36,1277
97,3/21/2021,656,154170,395,95125,264,59236,26.0,27755,5.0,32129,11.0,2132,236,54054,15.0,2137,2.0,913,17,1294
98,3/22/2021,3111,157281,2246,97371,864,60100,188.0,27943,56.0,32185,19.0,2151,795,54849,37.0,2174,13.0,926,26,1320
99,3/23/2021,4436,161717,3565,100936,1182,61282,193.0,28136,75.0,32260,40.0,2191,1053,55902,51.0,2225,38.0,964,478,1798
100,3/24/2021,3163,164880,2429,103365,748,62030,117.0,28253,38.0,32298,40.0,2231,668,56570,26.0,2251,14.0,978,34,1832
101,3/25/2021,5069,169949,3054,106419,2017,64047,313.0,28566,71.0,32369,68.0,2299,1849,58419,69.0,2320,31.0,1009,15,1847
102,3/26/2021,4578,174527,2729,109148,1849,65896,327.0,28893,67.0,32436,119.0,2418,1586,60005,113.0,2433,31.0,1040,29,1876
103,3/27/2021,3339,177866,1911,111059,1422,67318,325.0,29218,21.0,32457,49.0,2467,1307,61312,46.0,2479,20.0,1060,5,1881
104,3/28/2021,1169,179035,810,111869,360,67678,92.0,29310,15.0,32472,12.0,2479,330,61642,16.0,2495,2.0,1062,4,1885
105,3/29/2021,3984,183019,2689,114558,1296,68974,229.0,29539,52.0,32524,39.0,2518,1217,62859,27.0,2522,13.0,1075,8,1893
106,3/30/2021,4372,187391,2756,117314,1648,70622,237.0,29776,74.0,32598,55.0,2573,1508,64367,67.0,2589,18.0,1093,47,1940
107,3/31/2021,3570,190961,2556,119870,1049,71671,167.0,29943,47.0,32645,41.0,2614,937,65304,50.0,2639,21.0,1114,27,1967
108,4/1/2021,5112,196073,3335,123205,1789,73460,148.0,30091,76.0,32721,73.0,2687,1638,66942,60.0,2699,18.0,1132,31,1998
109,4/2/2021,4709,200782,2524,125729,2189,75649,245.0,30336,49.0,32770,82.0,2769,1992,68934,90.0,2789,25.0,1157,27,2025
110,4/3/2021,4256,205038,3528,129257,763,76412,94.0,30430,40.0,32810,37.0,2806,678,69612,28.0,2817,20.0,1177,67,2092
111,4/4/2021,369,205407,256,129513,131,76543,6.0,30436,7.0,32817,3.0,2809,115,69727,11.0,2828,2.0,1179,33,2125
112,4/5/2021,4690,210097,3759,133272,955,77498,75.0,30511,46.0,32863,70.0,2879,817,70544,48.0,2876,20.0,1199,89,2214
113,4/6/2021,5159,215256,3029,136301,2328,79826,85.0,30596,58.0,32921,80.0,2959,2063,72607,127.0,3003,58.0,1257,264,2478
114,4/7/2021,4960,220216,3682,139983,2200,82026,59.0,30655,109.0,33030,118.0,3077,1871,74478,136.0,3139,75.0,1332,1133,3611
115,4/8/2021,6684,226900,4509,144492,2894,84920,140.0,30795,124.0,33154,135.0,3212,2540,77018,142.0,3281,77.0,1409,910,4521
116,4/9/2021,5724,232624,3264,147756,3253,88173,77.0,30872,71.0,33225,162.0,3374,2820,79838,182.0,3463,89.0,1498,791,5312
117,4/10/2021,4423,237047,3159,150915,1758,89931,51.0,30923,71.0,33296,99.0,3473,1486,81324,119.0,3582,54.0,1552,498,5810
118,4/11/2021,1040,238087,797,151712,289,90220,5.0,30928,11.0,33307,12.0,3485,242,81566,24.0,3606,11.0,1563,57,5867
119,4/12/2021,5039,243126,3640,155352,2035,92255,76.0,31004,96.0,33403,77.0,3562,1762,83328,135.0,3741,61.0,1624,491,6358
120,4/13/2021,5033,248159,3561,158913,1487,93742,55.0,31059,77.0,33480,70.0,3632,1297,84625,96.0,3837,24.0,1648,21,6379
121,4/14/2021,2956,251115,1435,160348,1515,95257,87.0,31146,26.0,33506,93.0,3725,1318,85943,71.0,3908,33.0,1681,2,6381
122,4/15/2021,4951,256066,2326,162674,2609,97866,102.0,31248,58.0,33564,219.0,3944,2167,88110,162.0,4070,61.0,1742,3,6384
123,4/16/2021,3905,259971,2075,164749,1819,99685,44.0,31292,34.0,33598,66.0,4010,1589,89699,128.0,4198,36.0,1778,4,6388
124,4/17/2021,4588,264559,2408,167157,2167,101852,39.0,31331,57.0,33655,97.0,4107,1886,91585,132.0,4330,52.0,1830,2,6390
125,4/18/2021,1039,265598,407,167564,625,102477,13.0,31344,11.0,33666,43.0,4150,520,92105,32.0,4362,30.0,1860,4,6394
126,4/19/2021,3865,269463,1412,168976,2431,104908,43.0,31387,41.0,33707,166.0,4316,2042,94147,161.0,4523,62.0,1922,5,6399
127,4/20/2021,4698,274161,1866,170842,2819,107727,47.0,31434,69.0,33776,160.0,4476,2401,96548,193.0,4716,65.0,1987,5,6404
128,4/21/2021,3164,277325,709,171551,2446,110173,34.0,31468,32.0,33808,145.0,4621,2058,98606,163.0,4879,80.0,2067,5,6409
129,4/22/2021,4661,281986,1773,173324,2875,113048,46.0,31514,62.0,33870,143.0,4764,2463,101069,194.0,5073,75.0,2142,3,6412
130,4/23/2021,3587,285573,1179,174503,2393,115441,41.0,31555,30.0,33900,73.0,4837,2111,103180,128.0,5201,81.0,2223,5,6417
131,4/24/2021,3366,288939,1120,175623,2239,117680,14.0,31569,21.0,33921,103.0,4940,1900,105080,194.0,5395,42.0,2265,7,6424
132,4/25/2021,795,289734,344,175967,450,118130,6.0,31575,6.0,33927,103.0,5043,268,105348,38.0,5433,41.0,2306,1,6425
133,4/26/2021,4357,294091,1113,177080,3238,121368,35.0,31610,30.0,33957,146.0,5189,2787,108135,211.0,5644,94.0,2400,4,6429
134,4/27/2021,3343,297434,1188,178268,2147,123515,37.0,31647,37.0,33994,80.0,5269,1890,110025,134.0,5778,43.0,2443,11,6440
135,4/28/2021,2990,300424,713,178981,2278,125793,45.0,31692,20.0,34014,166.0,5435,1847,111872,196.0,5974,69.0,2512,12,6452
136,4/29/2021,3967,304391,821,179802,3141,128934,67.0,31759,32.0,34046,227.0,5662,2581,114453,225.0,6199,108.0,2620,6,6458
137,4/30/2021,2869,307260,637,180439,2232,131166,44.0,31803,24.0,34070,73.0,5735,1899,116352,196.0,6395,64.0,2684,11,6469
138,5/1/2021,3635,310895,814,181253,2804,133970,34.0,31837,18.0,34088,281.0,6016,2185,118537,200.0,6595,138.0,2822,15,6484
139,5/2/2021,531,311426,236,181489,306,134276,7.0,31844,2.0,34090,11.0,6027,247,118784,38.0,6633,10.0,2832,10,6494
140,5/3/2021,3423,314849,632,182121,2790,137066,46.0,31890,34.0,34124,107.0,6134,2392,121176,212.0,6845,79.0,2911,12,6506
141,5/4/2021,4338,319187,696,182817,3662,140728,67.0,31957,27.0,34151,147.0,6281,3147,124323,257.0,7102,111.0,3022,27,6533
142,5/5/2021,2226,321413,477,183294,1785,142513,63.0,32020,24.0,34175,86.0,6367,1476,125799,141.0,7243,82.0,3104,13,6546
143,5/6/2021,3684,325097,819,184113,2983,145496,100.0,32120,40.0,34215,178.0,6545,2474,128273,197.0,7440,134.0,3238,44,6590
144,5/7/2021,2935,328032,545,184658,2486,147982,44.0,32164,11.0,34226,134.0,6679,2042,130315,211.0,7651,99.0,3337,35,6625
145,5/8/2021,2993,331025,553,185211,2545,150527,45.0,32209,16.0,34242,168.0,6847,2051,132366,194.0,7845,132.0,3469,45,6670
146,5/9/2021,367,331392,141,185352,239,150766,4.0,32213,2.0,34244,11.0,6858,198,132564,20.0,7865,10.0,3479,3,6673
147,5/10/2021,2428,333820,377,185729,2088,152854,60.0,32273,16.0,34260,87.0,6945,1697,134261,207.0,8072,97.0,3576,22,6695
148,5/11/2021,2719,336539,542,186271,2220,155074,92.0,32365,24.0,34284,190.0,7135,1726,135987,205.0,8277,99.0,3675,17,6712
149,5/12/2021,1222,337761,457,186728,818,155892,23.0,32388,14.0,34298,48.0,7183,647,136634,88.0,8365,35.0,3710,22,6734
150,5/13/2021,3250,341011,1029,187757,2236,158128,82.0,32470,25.0,34323,151.0,7334,1821,138455,159.0,8524,105.0,3815,16,6750
151,5/14/2021,2474,343485,1280,189037,1294,159422,51.0,32521,30.0,34353,64.0,7398,1074,139529,101.0,8625,55.0,3870,32,6782
152,5/15/2021,3012,346497,1504,190541,1598,161020,40.0,32561,15.0,34368,114.0,7512,1269,140798,141.0,8766,74.0,3944,22,6804
153,5/16/2021,945,347442,571,191112,406,161426,8.0,32569,8.0,34376,83.0,7595,253,141051,29.0,8795,41.0,3985,11,6815
154,5/17/2021,2447,349889,1211,192323,1311,162737,37.0,32606,27.0,34403,48.0,7643,1101,142152,101.0,8896,61.0,4046,18,6833
155,5/18/2021,2580,352469,1173,193496,1441,164178,44.0,32650,22.0,34425,71.0,7714,1207,143359,82.0,8978,81.0,4127,19,6852
156,5/19/2021,1868,354337,1151,194647,783,164961,24.0,32674,19.0,34444,42.0,7756,634,143993,68.0,9046,39.0,4166,15,6867
157,5/20/2021,1973,356310,922,195569,1095,166056,46.0,32720,27.0,34471,93.0,7849,871,144864,81.0,9127,50.0,4216,17,6884
158,5/21/2021,1628,357938,922,196491,786,166842,18.0,32738,16.0,34487,44.0,7893,626,145490,59.0,9186,57.0,4273,26,6910
159,5/22/2021,1681,359619,789,197280,919,167761,9.0,32747,13.0,34500,121.0,8014,638,146128,74.0,9260,86.0,4359,15,6925
160,5/23/2021,684,360303,344,197624,370,168131,2.0,32749,5.0,34505,70.0,8084,227,146355,18.0,9278,55.0,4414,3,6928
161,5/24/2021,1334,361637,538,198162,848,168979,36.0,32785,20.0,34525,44.0,8128,683,147038,80.0,9358,41.0,4455,19,6947
162,5/25/2021,1229,362866,508,198670,755,169734,22.0,32807,20.0,34545,57.0,8185,569,147607,64.0,9422,65.0,4520,16,6963
163,5/26/2021,968,363834,554,199224,532,170266,17.0,32824,25.0,34570,37.0,8222,420,148027,44.0,9466,31.0,4551,21,6984
164,5/27/2021,1270,365104,656,199880,680,170946,32.0,32856,19.0,34589,54.0,8276,549,148576,50.0,9516,27.0,4578,19,7003
165,5/28/2021,1031,366135,599,200479,477,171423,18.0,32874,22.0,34611,31.0,8307,372,148948,46.0,9562,28.0,4606,17,7020
166,5/29/2021,1022,367157,495,200974,564,171987,18.0,32892,8.0,34619,32.0,8339,444,149392,43.0,9605,45.0,4651,12,7032
167,5/30/2021,331,367488,219,201193,145,172132,5.0,32897,3.0,34622,13.0,8352,105,149497,17.0,9622,10.0,4661,8,7040
168,5/31/2021,337,367825,188,201381,175,172307,8.0,32905,6.0,34628,8.0,8360,140,149637,13.0,9635,14.0,4675,11,7051
169,6/1/2021,964,368789,394,201775,602,172909,27.0,32932,17.0,34645,49.0,8409,460,150097,46.0,9681,47.0,4722,23,7074
170,6/2/2021,717,369506,368,202143,405,173314,16.0,32948,8.0,34653,34.0,8443,321,150418,23.0,9704,27.0,4749,7,7081
171,6/3/2021,1303,370809,523,202666,831,174145,22.0,32970,12.0,34665,46.0,8489,687,151105,57.0,9761,41.0,4790,14,7095
172,6/4/2021,1503,372312,406,203072,1139,175284,16.0,32986,9.0,34674,68.0,8557,952,152057,71.0,9832,48.0,4838,4,7099
173,6/5/2021,1411,373723,356,203428,1082,176366,12.0,32998,6.0,34680,63.0,8620,886,152943,92.0,9924,41.0,4879,10,7109
174,6/6/2021,529,374252,140,203568,400,176766,5.0,33003,3.0,34683,43.0,8663,320,153263,25.0,9949,12.0,4891,8,7117
175,6/7/2021,1190,375442,333,203901,902,177668,14.0,33017,12.0,34695,67.0,8730,720,153983,83.0,10032,32.0,4923,17,7134
176,6/8/2021,1083,376525,253,204154,854,178522,18.0,33035,5.0,34700,57.0,8787,695,154678,67.0,10099,35.0,4958,4,7138
177,6/9/2021,1079,377604,284,204438,842,179364,15.0,33050,12.0,34712,78.0,8865,646,155324,71.0,10170,47.0,5005,11,7149
178,6/10/2021,1310,378914,334,204772,1013,180377,20.0,33070,4.0,34716,92.0,8957,799,156123,67.0,10237,55.0,5060,10,7159
179,6/11/2021,1113,380027,325,205097,831,181208,19.0,33089,13.0,34729,58.0,9015,651,156774,78.0,10315,44.0,5104,9,7168
180,6/12/2021,1039,381066,288,205385,792,182000,15.0,33104,9.0,34738,73.0,9088,613,157387,62.0,10377,44.0,5148,9,7177
181,6/13/2021,372,381438,97,205482,288,182288,4.0,33108,1.0,34739,37.0,9125,207,157594,25.0,10402,19.0,5167,3,7180
182,6/14/2021,828,382266,280,205762,595,182883,15.0,33123,4.0,34743,44.0,9169,452,158046,42.0,10444,57.0,5224,4,7184
183,6/15/2021,696,382962,238,206000,481,183364,20.0,33143,10.0,34753,40.0,9209,391,158437,34.0,10478,16.0,5240,1,7185
184,6/16/2021,621,383583,202,206202,445,183809,12.0,33155,4.0,34757,38.0,9247,338,158775,33.0,10511,36.0,5276,9,7194
185,6/17/2021,693,384276,251,206453,468,184277,13.0,33168,10.0,34767,41.0,9288,349,159124,49.0,10560,29.0,5305,3,7197
186,6/18/2021,1034,385310,378,206831,686,184963,23.0,33191,11.0,34778,52.0,9340,554,159678,51.0,10611,29.0,5334,7,7204
187,6/19/2021,632,385942,154,206985,494,185457,10.0,33201,6.0,34784,48.0,9388,367,160045,52.0,10663,27.0,5361,8,7212
188,6/20/2021,301,386243,114,207099,194,185651,3.0,33204,2.0,34786,37.0,9425,121,160166,14.0,10677,22.0,5383,4,7216
189,6/21/2021,513,386756,214,207313,325,185976,5.0,33209,8.0,34794,28.0,9453,241,160407,34.0,10711,22.0,5405,8,7224
190,6/22/2021,605,387361,249,207562,386,186362,12.0,33221,7.0,34801,31.0,9484,302,160709,24.0,10735,29.0,5434,5,7229
191,6/23/2021,513,387874,187,207749,354,186716,7.0,33228,10.0,34811,38.0,9522,256,160965,37.0,10772,23.0,5457,10,7239
192,6/24/2021,517,388391,210,207959,331,187047,12.0,33240,9.0,34820,30.0,9552,257,161222,23.0,10795,21.0,5478,1,7240
193,6/25/2021,688,389079,273,208232,437,187484,12.0,33252,8.0,34828,42.0,9594,323,161545,42.0,10837,30.0,5508,5,7245
194,6/26/2021,595,389674,165,208397,439,187923,9.0,33261,9.0,34837,77.0,9671,287,161832,43.0,10880,32.0,5540,4,7249
195,6/27/2021,184,389858,72,208469,113,188036,2.0,33263,3.0,34840,9.0,9680,82,161914,12.0,10892,10.0,5550,2,7251
196,6/28/2021,485,390343,209,208678,283,188319,7.0,33270,6.0,34846,39.0,9719,204,162118,24.0,10916,16.0,5566,2,7253
197,6/29/2021,554,390897,252,208930,324,188643,16.0,33286,11.0,34857,42.0,9761,234,162352,22.0,10938,26.0,5592,10,7263
198,6/30/2021,412,391309,207,209137,219,188862,8.0,33294,11.0,34868,19.0,9780,164,162516,16.0,10954,20.0,5612,13,7276
199,7/1/2021,487,391796,208,209345,297,189159,8.0,33302,7.0,34875,21.0,9801,223,162739,32.0,10986,21.0,5633,4,7280
200,7/2/2021,567,392363,272,209617,306,189465,5.0,33307,7.0,34882,26.0,9827,240,162979,24.0,11010,16.0,5649,3,7283
201,7/3/2021,306,392669,119,209736,194,189659,4.0,33311,3.0,34885,29.0,9856,125,163104,21.0,11031,19.0,5668,5,7288
202,7/4/2021,53,392722,18,209754,35,189694,1.0,33312,0.0,34885,4.0,9860,22,163126,1.0,11032,8.0,5676,0,7288
203,7/5/2021,314,393036,140,209894,172,189866,3.0,33315,1.0,34886,18.0,9878,119,163245,26.0,11058,9.0,5685,4,7292
204,7/6/2021,448,393484,188,210082,269,190135,4.0,33319,5.0,34891,44.0,9922,191,163436,18.0,11076,16.0,5701,1,7293
205,7/7/2021,369,393853,208,210290,175,190310,7.0,33326,6.0,34897,19.0,9941,130,163566,11.0,11087,15.0,5716,4,7297
206,7/8/2021,428,394281,202,210492,248,190558,10.0,33336,8.0,34905,24.0,9965,177,163743,24.0,11111,23.0,5739,3,7300
207,7/9/2021,482,394763,195,210687,293,190851,9.0,33345,2.0,34907,37.0,10002,214,163957,24.0,11135,18.0,5757,6,7306
208,7/10/2021,257,395020,145,210832,127,190978,5.0,33350,2.0,34909,5.0,10007,105,164062,10.0,11145,7.0,5764,2,7308
209,7/11/2021,224,395244,120,210952,122,191100,6.0,33356,6.0,34915,11.0,10018,88,164150,10.0,11155,13.0,5777,7,7315
210,7/12/2021,384,395628,202,211154,195,191295,7.0,33363,4.0,34919,25.0,10043,129,164279,24.0,11179,17.0,5794,4,7319
211,7/13/2021,437,396065,225,211379,226,191521,16.0,33379,10.0,34929,26.0,10069,177,164456,12.0,11191,11.0,5805,5,7324
212,7/14/2021,283,396348,149,211528,157,191678,8.0,33387,5.0,34934,19.0,10088,113,164569,10.0,11201,15.0,5820,7,7331
213,7/15/2021,360,396708,189,211717,182,191860,1.0,33388,4.0,34938,15.0,10103,137,164706,13.0,11214,17.0,5837,3,7334
214,7/16/2021,512,397220,245,211962,277,192137,8.0,33396,9.0,34947,24.0,10127,211,164917,22.0,11236,20.0,5857,5,7339
215,7/17/2021,277,397497,158,212120,129,192266,11.0,33407,5.0,34952,11.0,10138,97,165014,10.0,11246,11.0,5868,6,7345
216,7/18/2021,195,397692,118,212238,89,192355,4.0,33411,3.0,34955,14.0,10152,62,165076,6.0,11252,7.0,5875,4,7349
217,7/19/2021,404,398096,204,212442,204,192559,8.0,33419,8.0,34963,26.0,10178,148,165224,17.0,11269,13.0,5888,5,7354
218,7/20/2021,416,398512,208,212650,215,192774,6.0,33425,8.0,34971,12.0,10190,166,165390,23.0,11292,14.0,5902,5,7359
219,7/21/2021,336,398848,183,212833,174,192948,13.0,33438,14.0,34985,12.0,10202,131,165521,14.0,11306,17.0,5919,4,7363
220,7/22/2021,394,399242,234,213067,169,193117,8.0,33446,19.0,35004,18.0,10220,125,165646,18.0,11324,8.0,5927,7,7370
221,7/23/2021,548,399790,319,213386,233,193350,6.0,33452,10.0,35014,36.0,10256,162,165808,17.0,11341,18.0,5945,3,7373
222,7/24/2021,351,400141,215,213601,154,193504,8.0,33460,10.0,35024,19.0,10275,112,165920,9.0,11350,14.0,5959,6,7379
223,7/25/2021,200,400341,145,213746,63,193567,0.0,33460,4.0,35028,7.0,10282,45,165965,5.0,11355,6.0,5965,4,7383
224,7/26/2021,344,400685,199,213945,143,193710,1.0,33461,7.0,35035,11.0,10293,97,166062,18.0,11373,17.0,5982,4,7387
225,7/27/2021,421,401106,235,214180,173,193883,5.0,33466,16.0,35051,21.0,10314,122,166184,17.0,11390,13.0,5995,16,7403
226,7/28/2021,465,401571,285,214465,219,194102,3.0,33469,10.0,35061,28.0,10342,141,166325,16.0,11406,34.0,6029,5,7408
227,7/29/2021,511,402082,305,214770,238,194340,8.0,33477,6.0,35067,24.0,10366,181,166506,14.0,11420,19.0,6048,8,7416
228,7/30/2021,681,402763,472,215242,247,194587,10.0,33487,14.0,35081,25.0,10391,187,166693,16.0,11436,19.0,6067,5,7421
229,7/31/2021,332,403095,201,215443,134,194721,4.0,33491,1.0,35082,14.0,10405,106,166799,9.0,11445,5.0,6072,6,7427
230,8/1/2021,268,403363,170,215613,106,194827,0.0,33491,2.0,35084,15.0,10420,67,166866,8.0,11453,16.0,6088,8,7435
231,8/2/2021,446,403809,297,215910,173,195000,4.0,33495,13.0,35097,20.0,10440,120,166986,20.0,11473,13.0,6101,5,7440
232,8/3/2021,563,404372,349,216259,240,195240,6.0,33501,13.0,35110,36.0,10476,163,167149,15.0,11488,26.0,6127,4,7444
233,8/4/2021,389,404761,272,216531,138,195378,3.0,33504,14.0,35124,10.0,10486,104,167253,5.0,11493,19.0,6146,9,7453
234,8/5/2021,445,405206,285,216816,171,195549,5.0,33509,11.0,35135,20.0,10506,122,167375,18.0,11511,11.0,6157,4,7457
235,8/6/2021,680,405886,463,217279,264,195813,12.0,33521,16.0,35151,22.0,10528,200,167575,22.0,11533,20.0,6177,3,7460
236,8/7/2021,439,406325,305,217584,157,195970,4.0,33525,10.0,35161,12.0,10540,124,167699,5.0,11538,16.0,6193,5,7465
237,8/8/2021,216,406541,125,217709,98,196068,3.0,33528,5.0,35166,8.0,10548,71,167770,6.0,11544,13.0,6206,6,7471
238,8/9/2021,463,407004,281,217990,213,196281,4.0,33532,6.0,35172,22.0,10570,157,167927,11.0,11555,23.0,6229,7,7478
239,8/10/2021,500,407504,298,218288,228,196509,6.0,33538,14.0,35186,25.0,10595,180,168107,10.0,11565,13.0,6242,8,7486
240,8/11/2021,417,407921,265,218553,175,196684,11.0,33549,5.0,35191,16.0,10611,133,168240,14.0,11579,12.0,6254,3,7489
241,8/12/2021,542,408463,320,218873,258,196942,7.0,33556,13.0,35204,31.0,10642,181,168421,23.0,11602,23.0,6277,7,7496
242,8/13/2021,659,409122,379,219252,298,197240,11.0,33567,9.0,35213,31.0,10673,217,168638,19.0,11621,31.0,6308,6,7502
243,8/14/2021,502,409624,256,219508,249,197489,7.0,33574,9.0,35222,10.0,10683,213,168851,9.0,11630,17.0,6325,50,7552
244,8/15/2021,266,409890,129,219637,125,197614,2.0,33576,3.0,35225,11.0,10694,91,168942,6.0,11636,17.0,6342,20,7572
245,8/16/2021,537,410427,309,219946,168,197782,4.0,33580,11.0,35236,15.0,10709,128,169070,13.0,11649,12.0,6354,81,7653
246,8/17/2021,481,410908,227,220173,192,197974,20.0,33600,10.0,35246,17.0,10726,145,169215,10.0,11659,20.0,6374,85,7738
247,8/18/2021,591,411499,323,220496,256,198230,5.0,33605,15.0,35261,30.0,10756,173,169388,13.0,11672,40.0,6414,78,7816
248,8/19/2021,565,412064,278,220774,256,198486,7.0,33612,9.0,35270,21.0,10777,205,169593,16.0,11688,14.0,6428,81,7897
249,8/20/2021,841,412905,339,221113,453,198939,16.0,33628,11.0,35281,44.0,10821,359,169952,29.0,11717,21.0,6449,92,7989
250,8/21/2021,644,413549,209,221322,208,199147,4.0,33632,7.0,35288,14.0,10835,170,170122,13.0,11730,11.0,6460,213,8202
251,8/22/2021,317,413866,150,221472,144,199291,1.0,33633,2.0,35290,18.0,10853,103,170225,9.0,11739,14.0,6474,31,8233
252,8/23/2021,526,414392,262,221734,221,199512,10.0,33643,9.0,35299,19.0,10872,167,170392,12.0,11751,23.0,6497,62,8295
253,8/24/2021,570,414962,272,222006,278,199790,10.0,33653,8.0,35307,27.0,10899,218,170610,15.0,11766,18.0,6515,58,8353
254,8/25/2021,593,415555,320,222326,260,200050,12.0,33665,13.0,35320,20.0,10919,197,170807,10.0,11776,33.0,6548,48,8401
255,8/26/2021,533,416088,262,222588,251,200301,9.0,33674,14.0,35334,18.0,10937,192,170999,23.0,11799,18.0,6566,46,8447
256,8/27/2021,891,416979,352,222940,408,200709,15.0,33689,11.0,35345,37.0,10974,303,171302,23.0,11822,45.0,6611,171,8618
257,8/28/2021,1463,418442,201,223141,247,200956,7.0,33696,5.0,35350,23.0,10997,182,171484,14.0,11836,28.0,6639,1013,9631
258,8/29/2021,1080,419522,160,223301,136,201092,4.0,33700,4.0,35354,8.0,11005,111,171595,12.0,11848,5.0,6644,783,10414
259,8/30/2021,616,420138,271,223572,282,201374,9.0,33709,13.0,35367,25.0,11030,215,171810,9.0,11857,33.0,6677,94,10508
260,8/31/2021,807,420945,233,223805,235,201609,7.0,33716,12.0,35379,18.0,11048,186,171996,18.0,11875,13.0,6690,347,10855
261,9/1/2021,949,421894,247,224052,220,201829,12.0,33728,15.0,35394,21.0,11069,167,172163,13.0,11888,19.0,6709,499,11354
262,9/2/2021,829,422723,185,224237,205,202034,13.0,33741,14.0,35408,19.0,11088,152,172315,16.0,11904,18.0,6727,464,11818
263,9/3/2021,856,423579,339,224576,374,202408,13.0,33754,12.0,35420,46.0,11134,272,172587,20.0,11924,36.0,6763,164,11982
264,9/4/2021,376,423955,164,224740,164,202572,6.0,33760,8.0,35428,13.0,11147,127,172714,11.0,11935,13.0,6776,58,12040
265,9/5/2021,251,424206,131,224871,108,202680,2.0,33762,4.0,35432,12.0,11159,77,172791,9.0,11944,10.0,6786,22,12062
266,9/6/2021,112,424318,47,224918,58,202738,1.0,33763,0.0,35432,4.0,11163,43,172834,8.0,11952,3.0,6789,12,12074
267,9/7/2021,951,425269,198,225116,275,203013,19.0,33782,12.0,35444,23.0,11186,208,173042,19.0,11971,25.0,6814,485,12559
268,9/8/2021,789,426058,219,225335,224,203237,11.0,33793,12.0,35456,24.0,11210,166,173208,10.0,11981,24.0,6838,373,12932
269,9/9/2021,403,426461,176,225511,195,203432,9.0,33802,8.0,35464,21.0,11231,143,173351,14.0,11995,17.0,6855,55,12987
270,9/10/2021,750,427211,338,225849,306,203738,9.0,33811,23.0,35487,28.0,11259,230,173581,20.0,12015,28.0,6883,147,13134
271,9/11/2021,1634,428845,162,226011,210,203948,10.0,33821,19.0,35506,18.0,11277,160,173741,15.0,12030,17.0,6900,1276,14410
272,9/12/2021,231,429076,100,226111,113,204061,1.0,33822,2.0,35508,11.0,11288,72,173813,10.0,12040,20.0,6920,16,14426
273,9/13/2021,492,429568,220,226331,245,204306,9.0,33831,8.0,35516,24.0,11312,184,173997,12.0,12052,25.0,6945,45,14471
274,9/14/2021,843,430411,204,226535,273,204579,14.0,33845,16.0,35532,17.0,11329,219,174216,14.0,12066,23.0,6968,403,14874
275,9/15/2021,829,431240,189,226724,266,204845,15.0,33860,15.0,35547,21.0,11350,196,174412,16.0,12082,33.0,7001,398,15272
276,9/16/2021,356,431596,134,226858,195,205040,9.0,33869,8.0,35555,33.0,11383,139,174551,11.0,12093,12.0,7013,42,15314
277,9/17/2021,746,432342,284,227142,387,205427,13.0,33882,13.0,35568,29.0,11412,289,174840,38.0,12131,31.0,7044,123,15437
278,9/18/2021,1839,434181,128,227270,171,205598,5.0,33887,20.0,35588,10.0,11422,126,174966,15.0,12146,20.0,7064,1545,16982
279,9/19/2021,181,434362,74,227344,106,205704,3.0,33890,2.0,35590,6.0,11428,82,175048,5.0,12151,13.0,7077,11,16993
280,9/20/2021,384,434746,143,227487,216,205920,8.0,33898,9.0,35599,26.0,11454,161,175209,10.0,12161,19.0,7096,55,17048
281,9/21/2021,769,435515,166,227653,199,206119,9.0,33907,14.0,35613,21.0,11475,154,175363,8.0,12169,16.0,7112,421,17469
282,9/22/2021,718,436233,164,227817,229,206348,6.0,33913,12.0,35625,15.0,11490,180,175543,16.0,12185,18.0,7130,363,17832
283,9/23/2021,349,436582,145,227962,180,206528,8.0,33921,3.0,35628,9.0,11499,132,175675,13.0,12198,26.0,7156,47,17879
284,9/24/2021,695,437277,208,228170,274,206802,16.0,33937,16.0,35644,20.0,11519,217,175892,11.0,12209,26.0,7182,232,18111
285,9/25/2021,1734,439011,138,228308,176,206978,12.0,33949,21.0,35665,15.0,11534,137,176029,12.0,12221,12.0,7194,1426,19537
286,9/26/2021,264,439275,65,228373,88,207066,3.0,33952,3.0,35668,11.0,11545,66,176095,4.0,12225,7.0,7201,110,19647
287,9/27/2021,565,439840,155,228528,124,207190,7.0,33959,11.0,35679,7.0,11552,96,176191,8.0,12233,13.0,7214,302,19949
288,9/28/2021,1128,440968,158,228686,202,207392,19.0,33978,23.0,35702,15.0,11567,153,176344,9.0,12242,25.0,7239,791,20740
289,9/29/2021,1139,442107,173,228859,171,207563,12.0,33990,19.0,35721,15.0,11582,127,176471,7.0,12249,22.0,7261,810,21550
290,9/30/2021,704,442811,160,229019,167,207730,15.0,34005,7.0,35728,11.0,11593,128,176599,10.0,12259,18.0,7279,407,21957
291,10/1/2021,1060,443871,174,229193,301,208031,20.0,34025,15.0,35743,20.0,11613,238,176837,21.0,12280,22.0,7301,602,22559
292,10/2/2021,1815,445686,118,229311,115,208146,12.0,34037,14.0,35757,9.0,11622,96,176933,5.0,12285,5.0,7306,1588,24147
293,10/3/2021,390,446076,64,229375,112,208258,1.0,34038,2.0,35759,18.0,11640,76,177009,7.0,12292,11.0,7317,226,24373
294,10/4/2021,794,446870,113,229488,155,208413,7.0,34045,12.0,35771,26.0,11666,102,177111,14.0,12306,13.0,7330,533,24906
295,10/5/2021,1115,447985,140,229628,134,208547,12.0,34057,17.0,35788,13.0,11679,102,177213,5.0,12311,14.0,7344,852,25758
296,10/6/2021,997,448982,106,229734,155,208702,8.0,34065,14.0,35802,11.0,11690,122,177335,5.0,12316,17.0,7361,752,26510
297,10/7/2021,783,449765,132,229866,107,208809,8.0,34073,14.0,35816,8.0,11698,83,177418,5.0,12321,11.0,7372,565,27075
298,10/8/2021,1035,450800,158,230024,239,209048,19.0,34092,13.0,35829,20.0,11718,186,177604,11.0,12332,22.0,7394,649,27724
299,10/9/2021,1677,452477,108,230132,131,209179,11.0,34103,8.0,35837,22.0,11740,98,177702,3.0,12335,8.0,7402,1440,29164
300,10/10/2021,244,452721,50,230182,63,209242,2.0,34105,2.0,35839,4.0,11744,49,177751,5.0,12340,5.0,7407,132,29296
301,10/11/2021,819,453540,122,230304,133,209375,16.0,34121,18.0,35857,3.0,11747,109,177860,10.0,12350,11.0,7418,574,29870
302,10/12/2021,1023,454563,118,230422,132,209507,8.0,34129,20.0,35877,16.0,11763,104,177964,4.0,12354,8.0,7426,783,30653
303,10/13/2021,970,455533,118,230540,149,209656,15.0,34144,8.0,35885,16.0,11779,113,178077,12.0,12366,8.0,7434,721,31374
304,10/14/2021,713,456246,102,230642,128,209784,15.0,34159,9.0,35894,20.0,11799,95,178172,8.0,12374,5.0,7439,490,31864
305,10/15/2021,1026,457272,175,230817,214,209998,11.0,34170,7.0,35901,15.0,11814,168,178340,13.0,12387,18.0,7457,671,32535
306,10/16/2021,804,458076,66,230883,80,210078,4.0,34174,3.0,35904,6.0,11820,69,178409,2.0,12389,3.0,7460,658,33193
307,10/17/2021,196,458272,48,230931,63,210141,1.0,34175,2.0,35906,4.0,11824,47,178456,3.0,12392,9.0,7469,83,33276
308,10/18/2021,650,458922,118,231049,135,210276,10.0,34185,4.0,35910,13.0,11837,106,178562,6.0,12398,10.0,7479,412,33688
309,10/19/2021,1049,459971,121,231170,132,210408,4.0,34189,11.0,35921,8.0,11845,106,178668,8.0,12406,10.0,7489,806,34494
310,10/20/2021,892,460863,121,231291,121,210529,6.0,34195,11.0,35932,9.0,11854,91,178759,7.0,12413,14.0,7503,664,35158
311,10/21/2021,534,461397,107,231398,128,210657,9.0,34204,8.0,35940,14.0,11868,86,178845,11.0,12424,17.0,7520,320,35478
312,10/22/2021,1479,462876,197,231595,231,210888,9.0,34213,13.0,35953,21.0,11889,171,179016,14.0,12438,25.0,7545,1072,36550
313,10/23/2021,1879,464755,88,231683,195,211083,14.0,34227,15.0,35968,4.0,11893,170,179186,11.0,12449,10.0,7555,1599,38149
314,10/24/2021,566,465321,82,231765,152,211235,8.0,34235,11.0,35979,12.0,11905,127,179313,7.0,12456,6.0,7561,345,38494
315,10/25/2021,1378,466699,137,231902,297,211532,27.0,34262,17.0,35996,12.0,11917,252,179565,21.0,12477,12.0,7573,959,39453
316,10/26/2021,2142,468841,176,232078,300,211832,15.0,34277,17.0,36013,19.0,11936,249,179814,18.0,12495,14.0,7587,1676,41129
317,10/27/2021,1970,470811,156,232234,271,212103,19.0,34296,19.0,36032,9.0,11945,240,180054,13.0,12508,9.0,7596,1551,42680
318,10/28/2021,1709,472520,139,232373,260,212363,11.0,34307,20.0,36052,11.0,11956,219,180273,17.0,12525,13.0,7609,1321,44001
319,10/29/2021,1652,474172,178,232551,277,212640,12.0,34319,14.0,36066,10.0,11966,242,180515,12.0,12537,13.0,7622,1209,45210
320,10/30/2021,1586,475758,81,232632,150,212790,13.0,34332,8.0,36074,6.0,11972,129,180644,9.0,12546,6.0,7628,1364,46574
321,10/31/2021,464,476222,48,232680,76,212866,3.0,34335,6.0,36080,6.0,11978,64,180708,4.0,12550,2.0,7630,339,46913
322,11/1/2021,1237,477459,138,232818,218,213084,10.0,34345,10.0,36090,10.0,11988,177,180885,12.0,12562,19.0,7649,891,47804
323,11/2/2021,1816,479275,130,232948,200,213284,8.0,34353,17.0,36107,14.0,12002,162,181047,13.0,12575,11.0,7660,1501,49305
324,11/3/2021,1744,481019,159,233107,230,213514,12.0,34365,17.0,36124,15.0,12017,182,181229,16.0,12591,17.0,7677,1372,50677
325,11/4/2021,1406,482425,143,233250,183,213697,4.0,34369,13.0,36137,1.0,12018,159,181388,12.0,12603,11.0,7688,1104,51781
326,11/5/2021,2015,484440,227,233477,297,213994,14.0,34383,12.0,36149,17.0,12035,248,181636,14.0,12617,18.0,7706,1523,53304
327,11/6/2021,1578,486018,216,233693,142,214136,4.0,34387,7.0,36156,6.0,12041,115,181751,15.0,12632,6.0,7712,1228,54532
328,11/7/2021,524,486542,121,233814,77,214213,1.0,34388,8.0,36164,5.0,12046,63,181814,3.0,12635,6.0,7718,327,54859
329,11/8/2021,1523,488065,386,234200,199,214412,7.0,34395,9.0,36173,11.0,12057,165,181979,9.0,12644,14.0,7732,959,55818
330,11/9/2021,2621,490686,940,235140,221,214633,10.0,34405,21.0,36194,15.0,12072,163,182142,16.0,12660,27.0,7759,1481,57299
331,11/10/2021,2475,493161,811,235951,223,214856,12.0,34417,18.0,36212,11.0,12083,177,182319,22.0,12682,13.0,7772,1464,58763
332,11/11/2021,2334,495495,956,236907,189,215045,17.0,34434,8.0,36220,15.0,12098,153,182472,13.0,12695,8.0,7780,1211,59974
333,11/12/2021,2543,498038,747,237654,239,215284,12.0,34446,19.0,36239,23.0,12121,190,182662,13.0,12708,13.0,7793,1568,61542
334,11/13/2021,1925,499963,406,238060,139,215423,3.0,34449,13.0,36252,7.0,12128,103,182765,15.0,12723,14.0,7807,1390,62932
335,11/14/2021,1481,501444,911,238971,107,215530,1.0,34450,2.0,36254,11.0,12139,72,182837,14.0,12737,10.0,7817,473,63405
336,11/15/2021,1952,503396,452,239423,199,215729,7.0,34457,11.0,36265,12.0,12151,159,182996,12.0,12749,16.0,7833,1322,64727
337,11/16/2021,2397,505793,456,239879,212,215941,5.0,34462,21.0,36286,26.0,12177,155,183151,17.0,12766,14.0,7847,1741,66468
338,11/17/2021,2716,508509,633,240512,268,216209,12.0,34474,16.0,36302,16.0,12193,221,183372,17.0,12783,14.0,7861,1846,68314
339,11/18/2021,1884,510393,378,240890,178,216387,7.0,34481,11.0,36313,15.0,12208,143,183515,15.0,12798,5.0,7866,1343,69657
340,11/19/2021,2555,512948,715,241605,280,216667,13.0,34494,14.0,36327,9.0,12217,233,183748,20.0,12818,18.0,7884,1580,71237
341,11/20/2021,1873,514821,530,242135,112,216779,6.0,34500,5.0,36332,8.0,12225,95,183843,4.0,12822,5.0,7889,1234,72471
342,11/21/2021,641,515462,124,242259,83,216862,0.0,34500,1.0,36333,3.0,12228,67,183910,8.0,12830,5.0,7894,435,72906
343,11/22/2021,1969,517431,426,242685,208,217070,11.0,34511,21.0,36354,10.0,12238,169,184079,11.0,12841,18.0,7912,1355,74261
344,11/23/2021,1831,519262,287,242972,184,217254,8.0,34519,15.0,36369,15.0,12253,148,184227,14.0,12855,7.0,7919,1369,75630
345,11/24/2021,1506,520768,215,243187,162,217416,6.0,34525,11.0,36380,14.0,12267,131,184358,11.0,12866,6.0,7925,1143,76773
346,11/25/2021,46,520814,9,243196,2,217418,0.0,34525,0.0,36380,0.0,12267,1,184359,1.0,12867,,7925,35,76808
347,11/26/2021,1257,522071,192,243388,202,217620,3.0,34528,4.0,36384,17.0,12284,163,184522,12.0,12879,10.0,7935,882,77690
348,11/27/2021,946,523017,138,243526,152,217772,2.0,34530,2.0,36386,7.0,12291,130,184652,8.0,12887,7.0,7942,658,78348
349,11/28/2021,539,523556,96,243622,104,217876,2.0,34532,2.0,36388,9.0,12300,83,184735,5.0,12892,7.0,7949,345,78693
350,11/29/2021,1838,525394,278,243900,408,218284,8.0,34540,14.0,36402,29.0,12329,339,185074,25.0,12917,15.0,7964,1173,79866
351,11/30/2021,2653,528047,346,244246,780,219064,8.0,34548,12.0,36414,50.0,12379,658,185732,61.0,12978,11.0,7975,1547,81413
352,12/1/2021,2423,530470,267,244513,738,219802,12.0,34560,9.0,36423,30.0,12409,649,186381,56.0,13034,3.0,7978,1429,82842
353,12/2/2021,2795,533265,354,244867,904,220706,9.0,34569,11.0,36434,68.0,12477,734,187115,73.0,13107,29.0,8007,1564,84406
354,12/3/2021,2579,535844,293,245160,748,221454,11.0,34580,4.0,36438,61.0,12538,589,187704,69.0,13176,29.0,8036,1558,85964
355,12/4/2021,2178,538022,161,245321,419,221873,4.0,34584,1.0,36439,24.0,12562,328,188032,36.0,13212,31.0,8067,1605,87569
356,12/5/2021,1377,539399,105,245426,840,222713,1.0,34585,0.0,36439,67.0,12629,667,188699,69.0,13281,37.0,8104,441,88010
357,12/6/2021,1910,541309,235,245661,465,223178,7.0,34592,5.0,36444,53.0,12682,361,189060,35.0,13316,16.0,8120,1222,89232
358,12/7/2021,2440,543749,306,245967,468,223646,10.0,34602,9.0,36453,49.0,12731,372,189432,31.0,13347,16.0,8136,1685,90917
359,12/8/2021,2223,545972,272,246239,510,224156,9.0,34611,12.0,36465,29.0,12760,427,189859,40.0,13387,14.0,8150,1463,92380
360,12/9/2021,2142,548114,302,246541,460,224616,6.0,34617,8.0,36473,27.0,12787,355,190214,43.0,13430,35.0,8185,1394,93774
361,12/10/2021,2080,550194,241,246782,401,225017,10.0,34627,9.0,36482,37.0,12824,312,190526,32.0,13462,20.0,8205,1446,95220
362,12/11/2021,1776,551970,137,246919,490,225507,6.0,34633,1.0,36483,59.0,12883,363,190889,40.0,13502,28.0,8233,1151,96371
363,12/12/2021,413,552383,56,246975,89,225596,1.0,34634,3.0,36486,4.0,12887,72,190961,7.0,13509,6.0,8239,271,96642
364,12/13/2021,1746,554129,297,247272,392,225988,9.0,34643,9.0,36495,26.0,12913,318,191279,35.0,13544,13.0,8252,1073,97715
365,12/14/2021,2171,556300,278,247550,364,226352,7.0,34650,5.0,36500,33.0,12946,298,191577,16.0,13560,17.0,8269,1554,99269
366,12/15/2021,1734,558034,204,247754,227,226579,6.0,34656,4.0,36504,9.0,12955,185,191762,18.0,13578,15.0,8284,1316,100585
367,12/16/2021,1753,559787,316,248070,241,226820,7.0,34663,7.0,36511,14.0,12969,203,191965,15.0,13593,9.0,8293,1214,101799
368,12/17/2021,2106,561893,309,248379,439,227259,6.0,34669,10.0,36521,28.0,12997,363,192328,37.0,13630,11.0,8304,1369,103168
369,12/18/2021,1800,563693,181,248560,240,227499,4.0,34673,4.0,36525,17.0,13014,205,192533,10.0,13640,8.0,8312,1380,104548
370,12/19/2021,433,564126,43,248603,80,227579,1.0,34674,3.0,36528,5.0,13019,66,192599,3.0,13643,6.0,8318,310,104858
371,12/20/2021,1549,565675,201,248804,240,227819,10.0,34684,9.0,36537,27.0,13046,191,192790,15.0,13658,7.0,8325,1113,105971
372,12/21/2021,2178,567853,308,249112,293,228112,10.0,34694,8.0,36545,28.0,13074,226,193016,25.0,13683,14.0,8339,1585,107556
373,12/22/2021,1869,569722,223,249335,285,228397,4.0,34698,9.0,36554,27.0,13101,228,193244,22.0,13705,8.0,8347,1364,108920
374,12/23/2021,1229,570951,217,249552,206,228603,5.0,34703,5.0,36559,23.0,13124,156,193400,16.0,13721,11.0,8358,819,109739
375,12/24/2021,320,571271,46,249598,63,228666,3.0,34706,2.0,36561,4.0,13128,54,193454,4.0,13725,1.0,8359,213,109952
376,12/25/2021,13,571284,4,249602,2,228668,0.0,34706,0.0,36561,,13128,1,193455,1.0,13726,,8359,7,109959
377,12/26/2021,353,571637,62,249664,68,228736,1.0,34707,0.0,36561,7.0,13135,53,193508,5.0,13731,3.0,8362,225,110184
378,12/27/2021,1247,572884,174,249838,222,228958,4.0,34711,5.0,36566,18.0,13153,176,193684,20.0,13751,8.0,8370,858,111042
379,12/28/2021,1886,574770,272,250110,294,229252,12.0,34723,12.0,36578,35.0,13188,229,193913,16.0,13767,14.0,8384,1325,112367
380,12/29/2021,1687,576457,211,250321,249,229501,5.0,34728,6.0,36584,27.0,13215,189,194102,22.0,13789,11.0,8395,1238,113605
381,12/30/2021,1359,577816,221,250542,239,229740,7.0,34735,9.0,36593,26.0,13241,186,194288,15.0,13804,12.0,8407,910,114515
382,12/31/2021,500,578316,97,250639,92,229832,0.0,34735,2.0,36595,7.0,13248,75,194363,5.0,13809,5.0,8412,314,114829
383,1/1/2022,93,578409,12,250651,16,229848,1.0,34736,1.0,36596,0.0,13248,13,194376,2.0,13811,1.0,8413,65,114894
384,1/2/2022,317,578726,45,250696,61,229909,1.0,34737,1.0,36597,7.0,13255,42,194418,9.0,13820,3.0,8416,212,115106
385,1/3/2022,1591,580317,331,251027,345,230254,4.0,34741,5.0,36602,34.0,13289,281,194699,20.0,13840,10.0,8426,926,116032
386,1/4/2022,1660,581977,265,251292,273,230527,10.0,34751,7.0,36609,29.0,13318,217,194916,17.0,13857,10.0,8436,1135,117167
387,1/5/2022,1330,583307,207,251499,199,230726,7.0,34758,8.0,36617,13.0,13331,162,195078,9.0,13866,15.0,8451,938,118105
388,1/6/2022,1220,584527,252,251751,228,230954,4.0,34762,4.0,36621,22.0,13353,171,195249,13.0,13879,22.0,8473,750,118855
389,1/7/2022,2052,586579,254,252005,340,231294,6.0,34768,9.0,36630,35.0,13388,262,195511,30.0,13909,13.0,8486,1470,120325
390,1/8/2022,1572,588151,126,252131,130,231424,0.0,34768,3.0,36633,7.0,13395,109,195620,7.0,13916,7.0,8493,1320,121645
391,1/9/2022,496,588647,91,252222,72,231496,0.0,34768,2.0,36635,14.0,13409,49,195669,3.0,13919,6.0,8499,334,121979
392,1/10/2022,1548,590195,287,252509,250,231746,3.0,34771,6.0,36641,19.0,13428,194,195863,26.0,13945,11.0,8510,1022,123001
393,1/11/2022,1555,591750,216,252725,276,232022,3.0,34774,4.0,36645,31.0,13459,210,196073,16.0,13961,19.0,8529,1076,124077
394,1/12/2022,1400,593150,182,252907,184,232206,6.0,34780,5.0,36650,29.0,13488,125,196198,20.0,13981,10.0,8539,1046,125123
395,1/13/2022,1094,594244,192,253099,178,232384,3.0,34783,2.0,36652,14.0,13502,132,196330,18.0,13999,14.0,8553,733,125856
396,1/14/2022,1615,595859,281,253380,213,232597,2.0,34785,8.0,36660,25.0,13527,155,196485,20.0,14019,13.0,8566,1136,126992
397,1/15/2022,1219,597078,140,253520,101,232698,1.0,34786,3.0,36663,11.0,13538,79,196564,9.0,14028,2.0,8568,979,127971
398,1/16/2022,289,597367,47,253567,35,232733,1.0,34787,0.0,36663,1.0,13539,31,196595,3.0,14031,0.0,8568,207,128178
399,1/17/2022,771,598138,158,253725,127,232860,4.0,34791,5.0,36668,12.0,13551,105,196700,8.0,14039,2.0,8570,487,128665
400,1/18/2022,888,599026,165,253890,164,233024,2.0,34793,6.0,36674,25.0,13576,126,196826,5.0,14044,8.0,8578,566,129231
401,1/19/2022,719,599745,122,254012,117,233141,4.0,34797,7.0,36681,9.0,13585,86,196912,10.0,14054,12.0,8590,492,129723
402,1/20/2022,777,600522,145,254157,147,233288,0.0,34797,10.0,36691,17.0,13602,111,197023,10.0,14064,9.0,8599,492,130215
403,1/21/2022,1169,601691,167,254324,171,233459,7.0,34804,2.0,36693,15.0,13617,132,197155,11.0,14075,13.0,8612,841,131056
404,1/22/2022,780,602471,90,254414,101,233560,0.0,34804,1.0,36694,14.0,13631,72,197227,6.0,14081,9.0,8621,592,131648
405,1/23/2022,209,602680,24,254438,53,233613,1.0,34805,0.0,36694,5.0,13636,41,197268,7.0,14088,0.0,8621,133,131781
406,1/24/2022,487,603167,77,254515,106,233719,1.0,34806,1.0,36695,14.0,13650,77,197345,8.0,14096,7.0,8628,307,132088
407,1/25/2022,660,603827,118,254633,142,233861,3.0,34809,2.0,36697,15.0,13665,99,197444,20.0,14116,8.0,8636,402,132490
408,1/26/2022,637,604464,99,254732,138,233999,7.0,34816,2.0,36699,12.0,13677,105,197549,13.0,14129,8.0,8644,409,132899
409,1/27/2022,606,605070,111,254843,170,234169,5.0,34821,1.0,36700,29.0,13706,125,197674,10.0,14139,6.0,8650,331,133230
410,1/28/2022,867,605937,156,254999,165,234334,6.0,34827,6.0,36706,20.0,13726,118,197792,14.0,14153,13.0,8663,550,133780
411,1/29/2022,552,606489,67,255066,82,234416,1.0,34828,4.0,36710,10.0,13736,59,197851,8.0,14161,5.0,8668,403,134183
412,1/30/2022,180,606669,33,255099,41,234457,1.0,34829,1.0,36711,13.0,13749,25,197876,1.0,14162,2.0,8670,108,134291
413,1/31/2022,235,606904,46,255145,63,234520,1.0,34830,1.0,36712,11.0,13760,41,197917,6.0,14168,5.0,8675,129,134420
